0001_0632_0049_0498_0498.jpg 1 632 49 498 498
0002_0601_0438_0222_0222.jpg 1 601 438 222 222
0003_0767_0123_0180_0180.jpg 1 767 123 180 180
0004_0705_0297_0373_0373.jpg 1 705 297 373 373
0005_0541_0331_0256_0256.jpg 1 541 331 256 256
0006_0359_0028_0435_0435.jpg 1 359 28 435 435
0007_0429_0082_0460_0460.jpg 1 429 82 460 460
0008_0133_0124_0463_0463.jpg 1 133 124 463 463
0009_0800_0117_0349_0349.jpg 1 800 117 349 349
0010_0618_0261_0149_0149.jpg 1 618 261 149 149
0011_0430_0181_0115_0115.jpg 1 430 181 115 115
0012_0554_0132_0312_0312.jpg 1 554 132 312 312
0013_0594_0102_0394_0394.jpg 1 594 102 394 394
0014_0552_0142_0465_0465.jpg 1 552 142 465 465
0015_0172_0089_0270_0270.jpg 1 172 89 270 270
0016_0313_0029_0448_0448.jpg 1 313 29 448 448
0017_0792_0149_0103_0103.jpg 1 792 149 103 103
0018_0157_0201_0099_0099.jpg 1 157 201 99 99
0019_0904_0560_0084_0084.jpg 1 904 560 84 84
0020_0894_0328_0126_0126.jpg 1 894 328 126 126
0021_0449_0241_0197_0197.jpg 1 449 241 197 197
0022_0192_0174_0486_0486.jpg 1 192 174 486 486
0023_0144_0134_0492_0492.jpg 1 144 134 492 492
0024_0480_0421_0140_0140.jpg 1 480 421 140 140
0025_0196_0394_0213_0213.jpg 1 196 394 213 213
0026_0406_0242_0215_0215.jpg 1 406 242 215 215
0027_0549_0189_0503_0503.jpg 1 549 189 503 503
0028_0935_0311_0179_0179.jpg 1 935 311 179 179
0029_0431_0118_0435_0435.jpg 1 431 118 435 435
0030_0442_0133_0391_0391.jpg 1 442 133 391 391
0031_0681_0215_0474_0474.jpg 1 681 215 474 474
0032_0624_0243_0333_0333.jpg 1 624 243 333 333
0033_0697_0205_0269_0269.jpg 1 697 205 269 269
0034_0795_0163_0354_0354.jpg 1 795 163 354 354
0035_0493_0184_0451_0451.jpg 1 493 184 451 451
0036_0421_0305_0087_0087.jpg 1 421 305 87 87
0037_0713_0344_0225_0225.jpg 1 713 344 225 225
0038_0608_0242_0239_0239.jpg 1 608 242 239 239
0039_0488_0333_0201_0201.jpg 1 488 333 201 201
0040_0269_0288_0253_0253.jpg 1 269 288 253 253
0041_0682_0350_0234_0234.jpg 1 682 350 234 234
0042_0103_0124_0444_0444.jpg 1 103 124 444 444
0043_0356_0038_0406_0406.jpg 1 356 38 406 406
0044_0664_0332_0125_0125.jpg 1 664 332 125 125
0045_0438_0028_0457_0457.jpg 1 438 28 457 457
0046_0299_0102_0449_0449.jpg 1 299 102 449 449
0047_1031_0352_0129_0129.jpg 1 1031 352 129 129
0048_0431_0135_0440_0440.jpg 1 431 135 440 440
0049_0275_0153_0294_0294.jpg 1 275 153 294 294
0050_0639_0367_0222_0222.jpg 1 639 367 222 222
0051_0440_0128_0426_0426.jpg 1 440 128 426 426
0052_0940_0063_0186_0186.jpg 1 940 63 186 186
0053_0120_0190_0112_0112.jpg 1 120 190 112 112
0054_0263_0242_0237_0237.jpg 1 263 242 237 237
0055_0727_0103_0237_0237.jpg 1 727 103 237 237
0056_0349_0089_0466_0466.jpg 1 349 89 466 466
0057_0527_0241_0149_0149.jpg 1 527 241 149 149
0058_0215_0385_0189_0189.jpg 1 215 385 189 189
0059_0923_0252_0130_0130.jpg 1 923 252 130 130
0060_0762_0127_0330_0330.jpg 1 762 127 330 330
0061_0525_0045_0302_0302.jpg 1 525 45 302 302
0062_0870_0117_0309_0309.jpg 1 870 117 309 309
0063_1004_0449_0061_0061.jpg 1 1004 449 61 61
0064_0937_0291_0095_0095.jpg 1 937 291 95 95
0065_0239_0251_0275_0275.jpg 1 239 251 275 275
0066_0161_0298_0224_0224.jpg 1 161 298 224 224
0067_0794_0194_0209_0209.jpg 1 794 194 209 209
0068_0308_0253_0363_0363.jpg 1 308 253 363 363
0069_0272_0487_0090_0090.jpg 1 272 487 90 90
0070_0177_0131_0479_0479.jpg 1 177 131 479 479
0071_0858_0268_0310_0310.jpg 1 858 268 310 310
0072_0325_0249_0370_0370.jpg 1 325 249 370 370
0073_0949_0113_0221_0221.jpg 1 949 113 221 221
0074_0429_0075_0489_0489.jpg 1 429 75 489 489
0075_0629_0248_0144_0144.jpg 1 629 248 144 144
0076_0540_0093_0322_0322.jpg 1 540 93 322 322
0077_0199_0286_0179_0179.jpg 1 199 286 179 179
0078_0115_0132_0397_0397.jpg 1 115 132 397 397
0079_0383_0188_0413_0413.jpg 1 383 188 413 413
0080_0273_0129_0292_0292.jpg 1 273 129 292 292
0081_0234_0172_0362_0362.jpg 1 234 172 362 362
0082_0220_0295_0237_0237.jpg 1 220 295 237 237
0083_0230_0175_0463_0463.jpg 1 230 175 463 463
0084_0406_0174_0228_0228.jpg 1 406 174 228 228
0085_0336_0306_0076_0076.jpg 1 336 306 76 76
0086_0664_0400_0154_0154.jpg 1 664 400 154 154
0087_0335_0096_0480_0480.jpg 1 335 96 480 480
0088_0178_0170_0088_0088.jpg 1 178 170 88 88
0089_0232_0396_0066_0066.jpg 1 232 396 66 66
0090_0665_0159_0490_0490.jpg 1 665 159 490 490
0091_0191_0572_0049_0049.jpg 1 191 572 49 49
0092_0123_0060_0437_0437.jpg 1 123 60 437 437
0093_0596_0181_0451_0451.jpg 1 596 181 451 451
0094_0868_0173_0049_0049.jpg 1 868 173 49 49
0095_0267_0137_0503_0503.jpg 1 267 137 503 503
0096_0255_0348_0237_0237.jpg 1 255 348 237 237
0097_0935_0180_0164_0164.jpg 1 935 180 164 164
0098_0458_0242_0202_0202.jpg 1 458 242 202 202
0099_0150_0176_0108_0108.jpg 1 150 176 108 108
0100_0774_0502_0059_0059.jpg 1 774 502 59 59
0101_0691_0456_0143_0143.jpg 1 691 456 143 143
0102_0511_0351_0318_0318.jpg 1 511 351 318 318
0103_0230_0069_0365_0365.jpg 1 230 69 365 365
0104_0590_0115_0499_0499.jpg 1 590 115 499 499
0105_0655_0048_0312_0312.jpg 1 655 48 312 312
0106_0734_0118_0237_0237.jpg 1 734 118 237 237
0107_0590_0204_0178_0178.jpg 1 590 204 178 178
0108_0624_0304_0299_0299.jpg 1 624 304 299 299
0109_1048_0089_0097_0097.jpg 1 1048 89 97 97
0110_0987_0307_0141_0141.jpg 1 987 307 141 141
0111_0436_0148_0462_0462.jpg 1 436 148 462 462
0112_0661_0162_0250_0250.jpg 1 661 162 250 250
0113_0220_0158_0274_0274.jpg 1 220 158 274 274
0114_0315_0421_0084_0084.jpg 1 315 421 84 84
0115_0591_0186_0174_0174.jpg 1 591 186 174 174
0116_0128_0207_0306_0306.jpg 1 128 207 306 306
0117_0551_0213_0254_0254.jpg 1 551 213 254 254
0118_0536_0357_0150_0150.jpg 1 536 357 150 150
0119_0130_0124_0440_0440.jpg 1 130 124 440 440
0120_0713_0375_0207_0207.jpg 1 713 375 207 207
0121_0848_0580_0075_0075.jpg 1 848 580 75 75
0122_0661_0116_0486_0486.jpg 1 661 116 486 486
0123_0544_0314_0273_0273.jpg 1 544 314 273 273
0124_0643_0415_0194_0194.jpg 1 643 415 194 194
0125_0707_0138_0096_0096.jpg 1 707 138 96 96
0126_0264_0361_0217_0217.jpg 1 264 361 217 217
0127_0325_0474_0140_0140.jpg 1 325 474 140 140
0128_0599_0062_0233_0233.jpg 1 599 62 233 233
