0001_0773_0310_0361_0361.jpg 1 773 310 361 361
0002_1007_0240_0122_0122.jpg 1 1007 240 122 122
0003_0639_0128_0500_0500.jpg 1 639 128 500 500
0004_0296_0120_0147_0147.jpg 1 296 120 147 147
0005_0584_0230_0078_0078.jpg 1 584 230 78 78
0006_0675_0154_0359_0359.jpg 1 675 154 359 359
0007_0453_0069_0483_0483.jpg 1 453 69 483 483
0008_0296_0075_0327_0327.jpg 1 296 75 327 327
0009_0351_0099_0452_0452.jpg 1 351 99 452 452
0010_0602_0467_0179_0179.jpg 1 602 467 179 179
0011_0576_0177_0251_0251.jpg 1 576 177 251 251
0012_0885_0180_0267_0267.jpg 1 885 180 267 267
0013_0562_0084_0387_0387.jpg 1 562 84 387 387
0014_0567_0310_0076_0076.jpg 1 567 310 76 76
0015_0458_0210_0383_0383.jpg 1 458 210 383 383
0016_0168_0085_0484_0484.jpg 1 168 85 484 484
0017_0439_0036_0390_0390.jpg 1 439 36 390 390
0018_0434_0185_0452_0452.jpg 1 434 185 452 452
0019_0332_0085_0380_0380.jpg 1 332 85 380 380
0020_0620_0108_0458_0458.jpg 1 620 108 458 458
0021_0354_0052_0469_0469.jpg 1 354 52 469 469
0022_0470_0254_0247_0247.jpg 1 470 254 247 247
0023_0141_0079_0475_0475.jpg 1 141 79 475 475
0024_0359_0254_0301_0301.jpg 1 359 254 301 301
0025_0137_0362_0181_0181.jpg 1 137 362 181 181
0026_0620_0346_0312_0312.jpg 1 620 346 312 312
0027_0333_0163_0339_0339.jpg 1 333 163 339 339
0028_0680_0063_0439_0439.jpg 1 680 63 439 439
0029_0306_0212_0481_0481.jpg 1 306 212 481 481
0030_0533_0172_0194_0194.jpg 1 533 172 194 194
0031_0284_0349_0271_0271.jpg 1 284 349 271 271
0032_0664_0175_0354_0354.jpg 1 664 175 354 354
0033_0502_0167_0379_0379.jpg 1 502 167 379 379
0034_0571_0089_0451_0451.jpg 1 571 89 451 451
0035_0292_0412_0208_0208.jpg 1 292 412 208 208
0036_0372_0212_0427_0427.jpg 1 372 212 427 427
0037_0162_0124_0417_0417.jpg 1 162 124 417 417
0038_0321_0190_0430_0430.jpg 1 321 190 430 430
0039_0963_0110_0092_0092.jpg 1 963 110 92 92
0040_0483_0311_0119_0119.jpg 1 483 311 119 119
0041_0293_0127_0426_0426.jpg 1 293 127 426 426
0042_0574_0091_0346_0346.jpg 1 574 91 346 346
0043_0399_0169_0454_0454.jpg 1 399 169 454 454
0044_0465_0197_0220_0220.jpg 1 465 197 220 220
0045_0629_0101_0313_0313.jpg 1 629 101 313 313
0046_0264_0252_0197_0197.jpg 1 264 252 197 197
0047_0416_0081_0151_0151.jpg 1 416 81 151 151
0048_0698_0198_0486_0486.jpg 1 698 198 486 486
0049_0412_0145_0331_0331.jpg 1 412 145 331 331
0050_0111_0357_0213_0213.jpg 1 111 357 213 213
0051_0525_0223_0426_0426.jpg 1 525 223 426 426
0052_0674_0280_0246_0246.jpg 1 674 280 246 246
0053_0573_0082_0429_0429.jpg 1 573 82 429 429
0054_0924_0336_0187_0187.jpg 1 924 336 187 187
0055_0496_0354_0152_0152.jpg 1 496 354 152 152
0056_0389_0269_0157_0157.jpg 1 389 269 157 157
0057_0862_0394_0225_0225.jpg 1 862 394 225 225
0058_0113_0401_0161_0161.jpg 1 113 401 161 161
0059_0569_0228_0123_0123.jpg 1 569 228 123 123
0060_0621_0166_0454_0454.jpg 1 621 166 454 454
0061_0226_0442_0107_0107.jpg 1 226 442 107 107
0062_0150_0125_0499_0499.jpg 1 150 125 499 499
0063_0832_0373_0254_0254.jpg 1 832 373 254 254
0064_0283_0144_0284_0284.jpg 1 283 144 284 284
0065_0594_0353_0312_0312.jpg 1 594 353 312 312
0066_0702_0514_0070_0070.jpg 1 702 514 70 70
0067_0782_0121_0114_0114.jpg 1 782 121 114 114
0068_0292_0035_0386_0386.jpg 1 292 35 386 386
0069_0548_0072_0287_0287.jpg 1 548 72 287 287
0070_0691_0322_0260_0260.jpg 1 691 322 260 260
0071_0164_0426_0075_0075.jpg 1 164 426 75 75
0072_1045_0424_0081_0081.jpg 1 1045 424 81 81
0073_0163_0496_0092_0092.jpg 1 163 496 92 92
0074_0142_0148_0426_0426.jpg 1 142 148 426 426
0075_0314_0072_0438_0438.jpg 1 314 72 438 438
0076_0645_0156_0410_0410.jpg 1 645 156 410 410
0077_0274_0202_0168_0168.jpg 1 274 202 168 168
0078_0663_0263_0282_0282.jpg 1 663 263 282 282
0079_0427_0207_0479_0479.jpg 1 427 207 479 479
0080_0358_0087_0450_0450.jpg 1 358 87 450 450
0081_0159_0221_0439_0439.jpg 1 159 221 439 439
0082_0261_0233_0371_0371.jpg 1 261 233 371 371
0083_0660_0099_0480_0480.jpg 1 660 99 480 480
0084_0286_0354_0291_0291.jpg 1 286 354 291 291
0085_0406_0178_0410_0410.jpg 1 406 178 410 410
0086_0745_0071_0125_0125.jpg 1 745 71 125 125
0087_0723_0170_0396_0396.jpg 1 723 170 396 396
0088_0176_0391_0187_0187.jpg 1 176 391 187 187
0089_0636_0242_0193_0193.jpg 1 636 242 193 193
0090_0137_0215_0126_0126.jpg 1 137 215 126 126
0091_0766_0388_0277_0277.jpg 1 766 388 277 277
0092_0587_0394_0236_0236.jpg 1 587 394 236 236
0093_0408_0123_0412_0412.jpg 1 408 123 412 412
0094_0375_0061_0271_0271.jpg 1 375 61 271 271
0095_0882_0112_0225_0225.jpg 1 882 112 225 225
0096_0285_0043_0324_0324.jpg 1 285 43 324 324
0097_0679_0145_0354_0354.jpg 1 679 145 354 354
0098_0891_0379_0281_0281.jpg 1 891 379 281 281
0099_0233_0099_0372_0372.jpg 1 233 99 372 372
0100_0460_0065_0240_0240.jpg 1 460 65 240 240
0101_0373_0093_0485_0485.jpg 1 373 93 485 485
0102_0260_0319_0058_0058.jpg 1 260 319 58 58
0103_0705_0148_0484_0484.jpg 1 705 148 484 484
0104_0328_0105_0395_0395.jpg 1 328 105 395 395
0105_0147_0092_0380_0380.jpg 1 147 92 380 380
0106_0417_0399_0093_0093.jpg 1 417 399 93 93
0107_0820_0399_0145_0145.jpg 1 820 399 145 145
0108_0726_0434_0235_0235.jpg 1 726 434 235 235
0109_0274_0092_0278_0278.jpg 1 274 92 278 278
0110_0703_0471_0155_0155.jpg 1 703 471 155 155
0111_0948_0360_0149_0149.jpg 1 948 360 149 149
0112_0305_0033_0437_0437.jpg 1 305 33 437 437
0113_0378_0070_0388_0388.jpg 1 378 70 388 388
0114_0244_0322_0252_0252.jpg 1 244 322 252 252
0115_0125_0160_0265_0265.jpg 1 125 160 265 265
0116_0601_0198_0280_0280.jpg 1 601 198 280 280
0117_0657_0072_0174_0174.jpg 1 657 72 174 174
0118_0164_0160_0198_0198.jpg 1 164 160 198 198
0119_0426_0053_0483_0483.jpg 1 426 53 483 483
0120_0308_0213_0340_0340.jpg 1 308 213 340 340
0121_0345_0270_0417_0417.jpg 1 345 270 417 417
0122_0572_0570_0051_0051.jpg 1 572 570 51 51
0123_0547_0169_0439_0439.jpg 1 547 169 439 439
0124_0289_0242_0331_0331.jpg 1 289 242 331 331
0125_0774_0117_0330_0330.jpg 1 774 117 330 330
0126_0600_0235_0320_0320.jpg 1 600 235 320 320
0127_0203_0275_0139_0139.jpg 1 203 275 139 139
0128_0744_0050_0370_0370.jpg 1 744 50 370 370
