0001_0141_0285_0370_0370.jpg 1 141 285 370 370
0002_0912_0162_0066_0066.jpg 1 912 162 66 66
0003_0815_0165_0338_0338.jpg 1 815 165 338 338
0004_0680_0058_0480_0480.jpg 1 680 58 480 480
0005_0535_0243_0339_0339.jpg 1 535 243 339 339
0006_0317_0210_0088_0088.jpg 1 317 210 88 88
0007_0455_0112_0343_0343.jpg 1 455 112 343 343
0008_0401_0307_0312_0312.jpg 1 401 307 312 312
0009_0367_0555_0084_0084.jpg 1 367 555 84 84
0010_0607_0197_0465_0465.jpg 1 607 197 465 465
0011_0448_0152_0369_0369.jpg 1 448 152 369 369
0012_1005_0532_0124_0124.jpg 1 1005 532 124 124
0013_0616_0277_0393_0393.jpg 1 616 277 393 393
0014_0768_0285_0188_0188.jpg 1 768 285 188 188
0015_0601_0114_0089_0089.jpg 1 601 114 89 89
0016_0886_0394_0219_0219.jpg 1 886 394 219 219
0017_0219_0204_0398_0398.jpg 1 219 204 398 398
0018_0364_0502_0106_0106.jpg 1 364 502 106 106
0019_0922_0272_0139_0139.jpg 1 922 272 139 139
0020_0875_0254_0073_0073.jpg 1 875 254 73 73
0021_0283_0143_0493_0493.jpg 1 283 143 493 493
0022_0749_0104_0078_0078.jpg 1 749 104 78 78
0023_0315_0068_0425_0425.jpg 1 315 68 425 425
0024_0343_0487_0062_0062.jpg 1 343 487 62 62
0025_0424_0274_0344_0344.jpg 1 424 274 344 344
0026_0109_0397_0241_0241.jpg 1 109 397 241 241
0027_0428_0490_0096_0096.jpg 1 428 490 96 96
0028_0285_0046_0315_0315.jpg 1 285 46 315 315
0029_0564_0093_0389_0389.jpg 1 564 93 389 389
0030_0365_0298_0259_0259.jpg 1 365 298 259 259
0031_0262_0351_0119_0119.jpg 1 262 351 119 119
0032_0710_0323_0284_0284.jpg 1 710 323 284 284
0033_0461_0271_0401_0401.jpg 1 461 271 401 401
0034_0171_0394_0230_0230.jpg 1 171 394 230 230
0035_0404_0182_0125_0125.jpg 1 404 182 125 125
0036_0246_0157_0408_0408.jpg 1 246 157 408 408
0037_0141_0528_0058_0058.jpg 1 141 528 58 58
0038_0385_0275_0255_0255.jpg 1 385 275 255 255
0039_0450_0164_0382_0382.jpg 1 450 164 382 382
0040_0784_0207_0050_0050.jpg 1 784 207 50 50
0041_0289_0240_0394_0394.jpg 1 289 240 394 394
0042_0806_0128_0255_0255.jpg 1 806 128 255 255
0043_0672_0087_0401_0401.jpg 1 672 87 401 401
0044_0548_0184_0474_0474.jpg 1 548 184 474 474
0045_0612_0215_0078_0078.jpg 1 612 215 78 78
0046_0537_0093_0411_0411.jpg 1 537 93 411 411
0047_0280_0337_0333_0333.jpg 1 280 337 333 333
0048_0684_0178_0454_0454.jpg 1 684 178 454 454
0049_0127_0162_0250_0250.jpg 1 127 162 250 250
0050_0732_0058_0373_0373.jpg 1 732 58 373 373
0051_0827_0256_0358_0358.jpg 1 827 256 358 358
0052_0759_0309_0163_0163.jpg 1 759 309 163 163
0053_0494_0352_0190_0190.jpg 1 494 352 190 190
0054_0730_0121_0312_0312.jpg 1 730 121 312 312
0055_0769_0204_0288_0288.jpg 1 769 204 288 288
0056_0277_0273_0081_0081.jpg 1 277 273 81 81
0057_0503_0106_0354_0354.jpg 1 503 106 354 354
0058_0346_0096_0231_0231.jpg 1 346 96 231 231
0059_0699_0232_0113_0113.jpg 1 699 232 113 113
0060_0369_0178_0493_0493.jpg 1 369 178 493 493
0061_0313_0256_0359_0359.jpg 1 313 256 359 359
0062_0256_0195_0358_0358.jpg 1 256 195 358 358
0063_0587_0216_0436_0436.jpg 1 587 216 436 436
0064_0101_0111_0268_0268.jpg 1 101 111 268 268
0065_0601_0089_0381_0381.jpg 1 601 89 381 381
0066_0117_0427_0175_0175.jpg 1 117 427 175 175
0067_0364_0136_0307_0307.jpg 1 364 136 307 307
0068_0626_0498_0058_0058.jpg 1 626 498 58 58
0069_0399_0202_0142_0142.jpg 1 399 202 142 142
0070_0821_0352_0234_0234.jpg 1 821 352 234 234
0071_0270_0153_0266_0266.jpg 1 270 153 266 266
0072_0174_0128_0126_0126.jpg 1 174 128 126 126
0073_0358_0300_0215_0215.jpg 1 358 300 215 215
0074_0320_0526_0081_0081.jpg 1 320 526 81 81
0075_0878_0216_0185_0185.jpg 1 878 216 185 185
0076_0371_0436_0220_0220.jpg 1 371 436 220 220
0077_0562_0059_0329_0329.jpg 1 562 59 329 329
0078_0755_0143_0307_0307.jpg 1 755 143 307 307
0079_0284_0094_0052_0052.jpg 1 284 94 52 52
0080_0978_0521_0064_0064.jpg 1 978 521 64 64
0081_0256_0140_0340_0340.jpg 1 256 140 340 340
0082_0372_0232_0164_0164.jpg 1 372 232 164 164
0083_0607_0035_0468_0468.jpg 1 607 35 468 468
0084_0315_0066_0459_0459.jpg 1 315 66 459 459
0085_0611_0228_0138_0138.jpg 1 611 228 138 138
0086_0206_0098_0485_0485.jpg 1 206 98 485 485
0087_0395_0189_0330_0330.jpg 1 395 189 330 330
0088_0705_0071_0373_0373.jpg 1 705 71 373 373
0089_0787_0328_0106_0106.jpg 1 787 328 106 106
0090_0638_0275_0117_0117.jpg 1 638 275 117 117
0091_0794_0417_0196_0196.jpg 1 794 417 196 196
0092_1071_0329_0067_0067.jpg 1 1071 329 67 67
0093_0648_0196_0479_0479.jpg 1 648 196 479 479
0094_0731_0091_0429_0429.jpg 1 731 91 429 429
0095_0639_0331_0248_0248.jpg 1 639 331 248 248
0096_0552_0417_0152_0152.jpg 1 552 417 152 152
0097_0371_0348_0122_0122.jpg 1 371 348 122 122
0098_0193_0170_0102_0102.jpg 1 193 170 102 102
0099_0505_0201_0475_0475.jpg 1 505 201 475 475
0100_0672_0047_0325_0325.jpg 1 672 47 325 325
0101_0387_0208_0096_0096.jpg 1 387 208 96 96
0102_0996_0390_0147_0147.jpg 1 996 390 147 147
0103_0711_0043_0298_0298.jpg 1 711 43 298 298
0104_0390_0530_0101_0101.jpg 1 390 530 101 101
0105_0493_0188_0390_0390.jpg 1 493 188 390 390
0106_0371_0356_0098_0098.jpg 1 371 356 98 98
0107_0362_0107_0495_0495.jpg 1 362 107 495 495
0108_0667_0425_0070_0070.jpg 1 667 425 70 70
0109_0246_0141_0408_0408.jpg 1 246 141 408 408
0110_0484_0186_0407_0407.jpg 1 484 186 407 407
0111_0411_0044_0477_0477.jpg 1 411 44 477 477
0112_0851_0511_0118_0118.jpg 1 851 511 118 118
0113_0868_0332_0298_0298.jpg 1 868 332 298 298
0114_0126_0216_0459_0459.jpg 1 126 216 459 459
0115_0883_0263_0128_0128.jpg 1 883 263 128 128
0116_0600_0465_0174_0174.jpg 1 600 465 174 174
0117_0714_0176_0114_0114.jpg 1 714 176 114 114
0118_0785_0135_0218_0218.jpg 1 785 135 218 218
0119_0331_0060_0292_0292.jpg 1 331 60 292 292
0120_0322_0276_0353_0353.jpg 1 322 276 353 353
0121_0875_0068_0302_0302.jpg 1 875 68 302 302
0122_0644_0097_0477_0477.jpg 1 644 97 477 477
0123_0779_0299_0233_0233.jpg 1 779 299 233 233
0124_0478_0358_0116_0116.jpg 1 478 358 116 116
0125_0693_0143_0425_0425.jpg 1 693 143 425 425
0126_0708_0328_0266_0266.jpg 1 708 328 266 266
0127_0162_0459_0050_0050.jpg 1 162 459 50 50
0128_0631_0200_0207_0207.jpg 1 631 200 207 207
