0001_0581_0148_0438_0438.jpg 1 581 148 438 438
0002_0457_0042_0473_0473.jpg 1 457 42 473 473
0003_0706_0163_0078_0078.jpg 1 706 163 78 78
0004_0683_0289_0272_0272.jpg 1 683 289 272 272
0005_0256_0208_0464_0464.jpg 1 256 208 464 464
0006_0780_0107_0355_0355.jpg 1 780 107 355 355
0007_0487_0264_0349_0349.jpg 1 487 264 349 349
0008_0687_0133_0478_0478.jpg 1 687 133 478 478
0009_0659_0044_0455_0455.jpg 1 659 44 455 455
0010_0196_0271_0387_0387.jpg 1 196 271 387 387
0011_0553_0280_0407_0407.jpg 1 553 280 407 407
0012_0287_0150_0490_0490.jpg 1 287 150 490 490
0013_0657_0224_0393_0393.jpg 1 657 224 393 393
0014_0708_0204_0459_0459.jpg 1 708 204 459 459
0015_0611_0264_0328_0328.jpg 1 611 264 328 328
0016_0140_0162_0503_0503.jpg 1 140 162 503 503
0017_0423_0199_0389_0389.jpg 1 423 199 389 389
0018_0352_0063_0450_0450.jpg 1 352 63 450 450
0019_0126_0243_0339_0339.jpg 1 126 243 339 339
0020_0236_0095_0461_0461.jpg 1 236 95 461 461
0021_0616_0191_0230_0230.jpg 1 616 191 230 230
0022_0824_0557_0081_0081.jpg 1 824 557 81 81
0023_0289_0231_0421_0421.jpg 1 289 231 421 421
0024_0718_0290_0101_0101.jpg 1 718 290 101 101
0025_0104_0338_0274_0274.jpg 1 104 338 274 274
0026_0299_0527_0085_0085.jpg 1 299 527 85 85
0027_0620_0525_0094_0094.jpg 1 620 525 94 94
0028_0737_0055_0436_0436.jpg 1 737 55 436 436
0029_0539_0062_0237_0237.jpg 1 539 62 237 237
0030_0681_0292_0157_0157.jpg 1 681 292 157 157
0031_0396_0216_0448_0448.jpg 1 396 216 448 448
0032_0384_0210_0393_0393.jpg 1 384 210 393 393
0033_0718_0223_0412_0412.jpg 1 718 223 412 412
0034_0813_0410_0217_0217.jpg 1 813 410 217 217
0035_0213_0329_0230_0230.jpg 1 213 329 230 230
0036_0313_0098_0378_0378.jpg 1 313 98 378 378
0037_0400_0172_0373_0373.jpg 1 400 172 373 373
0038_1041_0255_0055_0055.jpg 1 1041 255 55 55
0039_0219_0219_0293_0293.jpg 1 219 219 293 293
0040_0207_0160_0379_0379.jpg 1 207 160 379 379
0041_0452_0097_0319_0319.jpg 1 452 97 319 319
0042_0092_0213_0452_0452.jpg 1 92 213 452 452
0043_0691_0204_0248_0248.jpg 1 691 204 248 248
0044_0797_0375_0092_0092.jpg 1 797 375 92 92
0045_0112_0108_0503_0503.jpg 1 112 108 503 503
0046_0416_0042_0402_0402.jpg 1 416 42 402 402
0047_0369_0151_0497_0497.jpg 1 369 151 497 497
0048_0559_0370_0055_0055.jpg 1 559 370 55 55
0049_0162_0069_0245_0245.jpg 1 162 69 245 245
0050_0553_0061_0483_0483.jpg 1 553 61 483 483
0051_0145_0220_0209_0209.jpg 1 145 220 209 209
0052_0582_0188_0454_0454.jpg 1 582 188 454 454
0053_0521_0164_0358_0358.jpg 1 521 164 358 358
0054_0688_0144_0495_0495.jpg 1 688 144 495 495
0055_0702_0324_0289_0289.jpg 1 702 324 289 289
0056_0179_0126_0483_0483.jpg 1 179 126 483 483
0057_0162_0074_0496_0496.jpg 1 162 74 496 496
0058_0125_0070_0262_0262.jpg 1 125 70 262 262
0059_0421_0117_0446_0446.jpg 1 421 117 446 446
0060_0361_0306_0367_0367.jpg 1 361 306 367 367
0061_0164_0322_0055_0055.jpg 1 164 322 55 55
0062_0637_0207_0242_0242.jpg 1 637 207 242 242
0063_0250_0141_0095_0095.jpg 1 250 141 95 95
0064_0576_0207_0482_0482.jpg 1 576 207 482 482
0065_0786_0300_0326_0326.jpg 1 786 300 326 326
0066_0318_0090_0338_0338.jpg 1 318 90 338 338
0067_0266_0348_0319_0319.jpg 1 266 348 319 319
0068_0466_0212_0134_0134.jpg 1 466 212 134 134
0069_0365_0182_0348_0348.jpg 1 365 182 348 348
0070_0596_0091_0494_0494.jpg 1 596 91 494 494
0071_0487_0309_0313_0313.jpg 1 487 309 313 313
0072_0174_0238_0411_0411.jpg 1 174 238 411 411
0073_0498_0028_0467_0467.jpg 1 498 28 467 467
0074_0679_0033_0405_0405.jpg 1 679 33 405 405
0075_0240_0118_0354_0354.jpg 1 240 118 354 354
0076_0181_0207_0427_0427.jpg 1 181 207 427 427
0077_0119_0045_0439_0439.jpg 1 119 45 439 439
0078_0276_0206_0105_0105.jpg 1 276 206 105 105
0079_0625_0054_0393_0393.jpg 1 625 54 393 393
0080_0154_0362_0251_0251.jpg 1 154 362 251 251
0081_0699_0368_0127_0127.jpg 1 699 368 127 127
0082_0563_0091_0284_0284.jpg 1 563 91 284 284
0083_0449_0381_0124_0124.jpg 1 449 381 124 124
0084_0420_0033_0463_0463.jpg 1 420 33 463 463
0085_0781_0441_0121_0121.jpg 1 781 441 121 121
0086_0638_0082_0440_0440.jpg 1 638 82 440 440
0087_0725_0243_0235_0235.jpg 1 725 243 235 235
0088_0719_0384_0208_0208.jpg 1 719 384 208 208
0089_0557_0377_0192_0192.jpg 1 557 377 192 192
0090_1026_0358_0102_0102.jpg 1 1026 358 102 102
0091_0194_0038_0497_0497.jpg 1 194 38 497 497
0092_0527_0084_0419_0419.jpg 1 527 84 419 419
0093_0721_0347_0168_0168.jpg 1 721 347 168 168
0094_0463_0053_0227_0227.jpg 1 463 53 227 227
0095_0436_0326_0220_0220.jpg 1 436 326 220 220
0096_0244_0048_0280_0280.jpg 1 244 48 280 280
0097_0402_0032_0444_0444.jpg 1 402 32 444 444
0098_0368_0263_0374_0374.jpg 1 368 263 374 374
0099_0280_0119_0442_0442.jpg 1 280 119 442 442
0100_0231_0314_0268_0268.jpg 1 231 314 268 268
0101_0331_0234_0438_0438.jpg 1 331 234 438 438
0102_0217_0061_0468_0468.jpg 1 217 61 468 468
0103_0332_0159_0417_0417.jpg 1 332 159 417 417
0104_0287_0067_0502_0502.jpg 1 287 67 502 502
0105_0442_0310_0054_0054.jpg 1 442 310 54 54
0106_0287_0351_0189_0189.jpg 1 287 351 189 189
0107_0514_0037_0393_0393.jpg 1 514 37 393 393
0108_0147_0175_0273_0273.jpg 1 147 175 273 273
0109_0295_0091_0153_0153.jpg 1 295 91 153 153
0110_0315_0539_0100_0100.jpg 1 315 539 100 100
0111_0669_0286_0342_0342.jpg 1 669 286 342 342
0112_0279_0189_0453_0453.jpg 1 279 189 453 453
0113_0589_0153_0431_0431.jpg 1 589 153 431 431
0114_0220_0447_0204_0204.jpg 1 220 447 204 204
0115_0481_0284_0334_0334.jpg 1 481 284 334 334
0116_0500_0464_0165_0165.jpg 1 500 464 165 165
0117_0142_0191_0442_0442.jpg 1 142 191 442 442
0118_0378_0323_0205_0205.jpg 1 378 323 205 205
0119_0085_0157_0491_0491.jpg 1 85 157 491 491
0120_0749_0369_0129_0129.jpg 1 749 369 129 129
0121_0677_0184_0265_0265.jpg 1 677 184 265 265
0122_0140_0156_0319_0319.jpg 1 140 156 319 319
0123_0249_0399_0202_0202.jpg 1 249 399 202 202
0124_0547_0382_0163_0163.jpg 1 547 382 163 163
0125_0265_0370_0277_0277.jpg 1 265 370 277 277
0126_0203_0132_0424_0424.jpg 1 203 132 424 424
0127_0600_0197_0481_0481.jpg 1 600 197 481 481
0128_0786_0180_0087_0087.jpg 1 786 180 87 87
