0001_0449_0052_0490_0490.jpg 1 449 52 490 490
0002_0518_0254_0171_0171.jpg 1 518 254 171 171
0003_0791_0123_0392_0392.jpg 1 791 123 392 392
0004_0517_0296_0340_0340.jpg 1 517 296 340 340
0005_0217_0241_0194_0194.jpg 1 217 241 194 194
0006_1014_0455_0134_0134.jpg 1 1014 455 134 134
0007_0514_0247_0326_0326.jpg 1 514 247 326 326
0008_0358_0109_0499_0499.jpg 1 358 109 499 499
0009_0877_0249_0089_0089.jpg 1 877 249 89 89
0010_0378_0479_0091_0091.jpg 1 378 479 91 91
0011_0256_0328_0248_0248.jpg 1 256 328 248 248
0012_0505_0140_0401_0401.jpg 1 505 140 401 401
0013_0455_0243_0294_0294.jpg 1 455 243 294 294
0014_0300_0058_0336_0336.jpg 1 300 58 336 336
0015_0695_0155_0368_0368.jpg 1 695 155 368 368
0016_0432_0077_0321_0321.jpg 1 432 77 321 321
0017_0725_0096_0392_0392.jpg 1 725 96 392 392
0018_0411_0135_0415_0415.jpg 1 411 135 415 415
0019_0116_0183_0484_0484.jpg 1 116 183 484 484
0020_0959_0458_0063_0063.jpg 1 959 458 63 63
0021_0641_0236_0307_0307.jpg 1 641 236 307 307
0022_0277_0129_0348_0348.jpg 1 277 129 348 348
0023_0983_0212_0173_0173.jpg 1 983 212 173 173
0024_1007_0213_0119_0119.jpg 1 1007 213 119 119
0025_0348_0109_0334_0334.jpg 1 348 109 334 334
0026_0222_0193_0269_0269.jpg 1 222 193 269 269
0027_0773_0233_0198_0198.jpg 1 773 233 198 198
0028_0503_0050_0356_0356.jpg 1 503 50 356 356
0029_0513_0191_0339_0339.jpg 1 513 191 339 339
0030_0602_0189_0494_0494.jpg 1 602 189 494 494
0031_0530_0181_0277_0277.jpg 1 530 181 277 277
0032_0768_0276_0098_0098.jpg 1 768 276 98 98
0033_0678_0360_0296_0296.jpg 1 678 360 296 296
0034_0598_0064_0491_0491.jpg 1 598 64 491 491
0035_0172_0068_0346_0346.jpg 1 172 68 346 346
0036_0701_0175_0320_0320.jpg 1 701 175 320 320
0037_0280_0102_0387_0387.jpg 1 280 102 387 387
0038_0674_0071_0488_0488.jpg 1 674 71 488 488
0039_0229_0310_0218_0218.jpg 1 229 310 218 218
0040_0665_0081_0438_0438.jpg 1 665 81 438 438
0041_0615_0169_0260_0260.jpg 1 615 169 260 260
0042_0940_0446_0221_0221.jpg 1 940 446 221 221
0043_0276_0099_0491_0491.jpg 1 276 99 491 491
0044_0416_0198_0112_0112.jpg 1 416 198 112 112
0045_0185_0026_0478_0478.jpg 1 185 26 478 478
0046_0230_0217_0455_0455.jpg 1 230 217 455 455
0047_0702_0344_0187_0187.jpg 1 702 344 187 187
0048_0912_0143_0199_0199.jpg 1 912 143 199 199
0049_0359_0059_0430_0430.jpg 1 359 59 430 430
0050_0992_0376_0124_0124.jpg 1 992 376 124 124
0051_0700_0251_0326_0326.jpg 1 700 251 326 326
0052_0710_0184_0210_0210.jpg 1 710 184 210 210
0053_0445_0058_0423_0423.jpg 1 445 58 423 423
0054_0903_0267_0160_0160.jpg 1 903 267 160 160
0055_0645_0293_0362_0362.jpg 1 645 293 362 362
0056_0600_0060_0485_0485.jpg 1 600 60 485 485
0057_0770_0384_0099_0099.jpg 1 770 384 99 99
0058_0246_0434_0211_0211.jpg 1 246 434 211 211
0059_0343_0144_0419_0419.jpg 1 343 144 419 419
0060_0622_0174_0220_0220.jpg 1 622 174 220 220
0061_0172_0395_0061_0061.jpg 1 172 395 61 61
0062_0613_0166_0472_0472.jpg 1 613 166 472 472
0063_0742_0275_0166_0166.jpg 1 742 275 166 166
0064_0627_0327_0252_0252.jpg 1 627 327 252 252
0065_0155_0122_0207_0207.jpg 1 155 122 207 207
0066_0352_0277_0384_0384.jpg 1 352 277 384 384
0067_0641_0222_0148_0148.jpg 1 641 222 148 148
0068_0853_0262_0096_0096.jpg 1 853 262 96 96
0069_0432_0422_0219_0219.jpg 1 432 422 219 219
0070_0768_0194_0357_0357.jpg 1 768 194 357 357
0071_0677_0231_0442_0442.jpg 1 677 231 442 442
0072_0446_0181_0369_0369.jpg 1 446 181 369 369
0073_0748_0423_0062_0062.jpg 1 748 423 62 62
0074_0334_0111_0431_0431.jpg 1 334 111 431 431
0075_0581_0135_0466_0466.jpg 1 581 135 466 466
0076_0460_0178_0489_0489.jpg 1 460 178 489 489
0077_0614_0385_0087_0087.jpg 1 614 385 87 87
0078_0813_0249_0242_0242.jpg 1 813 249 242 242
0079_0421_0286_0210_0210.jpg 1 421 286 210 210
0080_0844_0297_0222_0222.jpg 1 844 297 222 222
0081_0959_0082_0061_0061.jpg 1 959 82 61 61
0082_0332_0040_0374_0374.jpg 1 332 40 374 374
0083_0595_0350_0235_0235.jpg 1 595 350 235 235
0084_0337_0133_0343_0343.jpg 1 337 133 343 343
0085_0948_0199_0199_0199.jpg 1 948 199 199 199
0086_0086_0055_0443_0443.jpg 1 86 55 443 443
0087_0516_0181_0241_0241.jpg 1 516 181 241 241
0088_0889_0432_0178_0178.jpg 1 889 432 178 178
0089_0722_0199_0346_0346.jpg 1 722 199 346 346
0090_0642_0054_0391_0391.jpg 1 642 54 391 391
0091_0336_0178_0394_0394.jpg 1 336 178 394 394
0092_0808_0324_0057_0057.jpg 1 808 324 57 57
0093_0644_0196_0486_0486.jpg 1 644 196 486 486
0094_0810_0208_0173_0173.jpg 1 810 208 173 173
0095_0608_0179_0438_0438.jpg 1 608 179 438 438
0096_0327_0191_0425_0425.jpg 1 327 191 425 425
0097_0408_0179_0397_0397.jpg 1 408 179 397 397
0098_0536_0125_0293_0293.jpg 1 536 125 293 293
0099_0650_0242_0412_0412.jpg 1 650 242 412 412
0100_0152_0361_0294_0294.jpg 1 152 361 294 294
0101_0847_0314_0165_0165.jpg 1 847 314 165 165
0102_0185_0455_0050_0050.jpg 1 185 455 50 50
0103_0587_0072_0378_0378.jpg 1 587 72 378 378
0104_0198_0496_0094_0094.jpg 1 198 496 94 94
0105_0583_0344_0280_0280.jpg 1 583 344 280 280
0106_0784_0232_0308_0308.jpg 1 784 232 308 308
0107_0347_0494_0121_0121.jpg 1 347 494 121 121
0108_0454_0231_0456_0456.jpg 1 454 231 456 456
0109_0628_0233_0068_0068.jpg 1 628 233 68 68
0110_0711_0211_0317_0317.jpg 1 711 211 317 317
0111_0283_0155_0318_0318.jpg 1 283 155 318 318
0112_0611_0273_0335_0335.jpg 1 611 273 335 335
0113_0326_0084_0462_0462.jpg 1 326 84 462 462
0114_0144_0342_0066_0066.jpg 1 144 342 66 66
0115_0241_0391_0237_0237.jpg 1 241 391 237 237
0116_0552_0088_0412_0412.jpg 1 552 88 412 412
0117_0200_0224_0331_0331.jpg 1 200 224 331 331
0118_0276_0107_0330_0330.jpg 1 276 107 330 330
0119_0918_0381_0243_0243.jpg 1 918 381 243 243
0120_0317_0088_0372_0372.jpg 1 317 88 372 372
0121_0554_0336_0116_0116.jpg 1 554 336 116 116
0122_0239_0195_0115_0115.jpg 1 239 195 115 115
0123_0769_0417_0095_0095.jpg 1 769 417 95 95
0124_0650_0104_0476_0476.jpg 1 650 104 476 476
0125_0100_0111_0278_0278.jpg 1 100 111 278 278
0126_0433_0258_0365_0365.jpg 1 433 258 365 365
0127_0691_0173_0219_0219.jpg 1 691 173 219 219
0128_0247_0094_0462_0462.jpg 1 247 94 462 462
