0001_0221_0040_0500_0500.jpg 1 221 40 500 500
0002_0875_0431_0116_0116.jpg 1 875 431 116 116
0003_0567_0114_0233_0233.jpg 1 567 114 233 233
0004_0618_0113_0454_0454.jpg 1 618 113 454 454
0005_0730_0363_0245_0245.jpg 1 730 363 245 245
0006_0803_0119_0356_0356.jpg 1 803 119 356 356
0007_0589_0335_0256_0256.jpg 1 589 335 256 256
0008_0741_0287_0382_0382.jpg 1 741 287 382 382
0009_0842_0071_0177_0177.jpg 1 842 71 177 177
0010_0367_0167_0344_0344.jpg 1 367 167 344 344
0011_0616_0045_0286_0286.jpg 1 616 45 286 286
0012_0313_0097_0407_0407.jpg 1 313 97 407 407
0013_0834_0236_0229_0229.jpg 1 834 236 229 229
0014_0624_0270_0145_0145.jpg 1 624 270 145 145
0015_0154_0321_0355_0355.jpg 1 154 321 355 355
0016_0267_0261_0315_0315.jpg 1 267 261 315 315
0017_0663_0275_0403_0403.jpg 1 663 275 403 403
0018_0816_0124_0078_0078.jpg 1 816 124 78 78
0019_0728_0177_0145_0145.jpg 1 728 177 145 145
0020_0406_0280_0370_0370.jpg 1 406 280 370 370
0021_0933_0395_0201_0201.jpg 1 933 395 201 201
0022_0371_0202_0442_0442.jpg 1 371 202 442 442
0023_0522_0243_0315_0315.jpg 1 522 243 315 315
0024_0404_0169_0370_0370.jpg 1 404 169 370 370
0025_0461_0070_0316_0316.jpg 1 461 70 316 316
0026_0630_0167_0491_0491.jpg 1 630 167 491 491
0027_0397_0272_0212_0212.jpg 1 397 272 212 212
0028_0547_0093_0498_0498.jpg 1 547 93 498 498
0029_0791_0108_0273_0273.jpg 1 791 108 273 273
0030_0464_0127_0399_0399.jpg 1 464 127 399 399
0031_0280_0421_0156_0156.jpg 1 280 421 156 156
0032_0910_0377_0207_0207.jpg 1 910 377 207 207
0033_0222_0097_0411_0411.jpg 1 222 97 411 411
0034_0149_0068_0476_0476.jpg 1 149 68 476 476
0035_0139_0410_0070_0070.jpg 1 139 410 70 70
0036_0675_0256_0426_0426.jpg 1 675 256 426 426
0037_0605_0194_0276_0276.jpg 1 605 194 276 276
0038_0568_0269_0225_0225.jpg 1 568 269 225 225
0039_0260_0164_0201_0201.jpg 1 260 164 201 201
0040_0674_0112_0500_0500.jpg 1 674 112 500 500
0041_1036_0229_0070_0070.jpg 1 1036 229 70 70
0042_0622_0309_0353_0353.jpg 1 622 309 353 353
0043_0512_0367_0228_0228.jpg 1 512 367 228 228
0044_0203_0315_0072_0072.jpg 1 203 315 72 72
0045_0792_0403_0191_0191.jpg 1 792 403 191 191
0046_0768_0379_0145_0145.jpg 1 768 379 145 145
0047_0663_0191_0472_0472.jpg 1 663 191 472 472
0048_0152_0186_0323_0323.jpg 1 152 186 323 323
0049_0588_0146_0210_0210.jpg 1 588 146 210 210
0050_0387_0427_0172_0172.jpg 1 387 427 172 172
0051_0137_0095_0405_0405.jpg 1 137 95 405 405
0052_0136_0079_0489_0489.jpg 1 136 79 489 489
0053_0120_0062_0288_0288.jpg 1 120 62 288 288
0054_0578_0291_0184_0184.jpg 1 578 291 184 184
0055_0326_0187_0449_0449.jpg 1 326 187 449 449
0056_0235_0413_0211_0211.jpg 1 235 413 211 211
0057_0784_0401_0231_0231.jpg 1 784 401 231 231
0058_0498_0370_0101_0101.jpg 1 498 370 101 101
0059_0532_0075_0385_0385.jpg 1 532 75 385 385
0060_0919_0105_0108_0108.jpg 1 919 105 108 108
0061_0152_0210_0438_0438.jpg 1 152 210 438 438
0062_0638_0207_0458_0458.jpg 1 638 207 458 458
0063_0284_0402_0192_0192.jpg 1 284 402 192 192
0064_0964_0370_0094_0094.jpg 1 964 370 94 94
0065_0573_0202_0479_0479.jpg 1 573 202 479 479
0066_0134_0167_0339_0339.jpg 1 134 167 339 339
0067_0268_0062_0461_0461.jpg 1 268 62 461 461
0068_0607_0067_0387_0387.jpg 1 607 67 387 387
0069_0579_0437_0231_0231.jpg 1 579 437 231 231
0070_0402_0070_0343_0343.jpg 1 402 70 343 343
0071_0385_0032_0486_0486.jpg 1 385 32 486 486
0072_0516_0164_0199_0199.jpg 1 516 164 199 199
0073_0718_0328_0273_0273.jpg 1 718 328 273 273
0074_0173_0326_0165_0165.jpg 1 173 326 165 165
0075_0580_0155_0344_0344.jpg 1 580 155 344 344
0076_0347_0161_0196_0196.jpg 1 347 161 196 196
0077_0470_0071_0462_0462.jpg 1 470 71 462 462
0078_0693_0255_0389_0389.jpg 1 693 255 389 389
0079_0505_0406_0113_0113.jpg 1 505 406 113 113
0080_0426_0143_0246_0246.jpg 1 426 143 246 246
0081_0366_0208_0266_0266.jpg 1 366 208 266 266
0082_0540_0220_0142_0142.jpg 1 540 220 142 142
0083_0424_0142_0209_0209.jpg 1 424 142 209 209
0084_0344_0112_0139_0139.jpg 1 344 112 139 139
0085_0304_0111_0502_0502.jpg 1 304 111 502 502
0086_0370_0109_0103_0103.jpg 1 370 109 103 103
0087_0834_0326_0324_0324.jpg 1 834 326 324 324
0088_0671_0110_0149_0149.jpg 1 671 110 149 149
0089_0863_0178_0175_0175.jpg 1 863 178 175 175
0090_0804_0216_0305_0305.jpg 1 804 216 305 305
0091_1031_0492_0077_0077.jpg 1 1031 492 77 77
0092_0283_0144_0479_0479.jpg 1 283 144 479 479
0093_0887_0152_0236_0236.jpg 1 887 152 236 236
0094_0501_0237_0266_0266.jpg 1 501 237 266 266
0095_0373_0237_0212_0212.jpg 1 373 237 212 212
0096_0684_0078_0214_0214.jpg 1 684 78 214 214
0097_0730_0182_0425_0425.jpg 1 730 182 425 425
0098_0789_0198_0228_0228.jpg 1 789 198 228 228
0099_0678_0432_0092_0092.jpg 1 678 432 92 92
0100_0497_0078_0270_0270.jpg 1 497 78 270 270
0101_0207_0062_0406_0406.jpg 1 207 62 406 406
0102_0717_0064_0364_0364.jpg 1 717 64 364 364
0103_0460_0182_0340_0340.jpg 1 460 182 340 340
0104_0765_0433_0219_0219.jpg 1 765 433 219 219
0105_0289_0033_0484_0484.jpg 1 289 33 484 484
0106_0366_0179_0291_0291.jpg 1 366 179 291 291
0107_0393_0286_0380_0380.jpg 1 393 286 380 380
0108_0739_0283_0229_0229.jpg 1 739 283 229 229
0109_0358_0249_0399_0399.jpg 1 358 249 399 399
0110_0164_0057_0316_0316.jpg 1 164 57 316 316
0111_0227_0131_0466_0466.jpg 1 227 131 466 466
0112_0309_0265_0231_0231.jpg 1 309 265 231 231
0113_0771_0047_0423_0423.jpg 1 771 47 423 423
0114_0612_0281_0404_0404.jpg 1 612 281 404 404
0115_0372_0185_0221_0221.jpg 1 372 185 221 221
0116_0784_0106_0153_0153.jpg 1 784 106 153 153
0117_0323_0266_0380_0380.jpg 1 323 266 380 380
0118_0640_0215_0476_0476.jpg 1 640 215 476 476
0119_0237_0247_0444_0444.jpg 1 237 247 444 444
0120_0669_0375_0099_0099.jpg 1 669 375 99 99
0121_1061_0498_0054_0054.jpg 1 1061 498 54 54
0122_0377_0362_0269_0269.jpg 1 377 362 269 269
0123_0484_0271_0331_0331.jpg 1 484 271 331 331
0124_0373_0136_0234_0234.jpg 1 373 136 234 234
0125_0960_0274_0115_0115.jpg 1 960 274 115 115
0126_0711_0539_0111_0111.jpg 1 711 539 111 111
0127_0673_0235_0390_0390.jpg 1 673 235 390 390
0128_0163_0062_0332_0332.jpg 1 163 62 332 332
