0001_0288_0295_0360_0360.jpg 1 288 295 360 360
0002_0526_0056_0467_0467.jpg 1 526 56 467 467
0003_0297_0110_0084_0084.jpg 1 297 110 84 84
0004_0211_0078_0203_0203.jpg 1 211 78 203 203
0005_0598_0166_0248_0248.jpg 1 598 166 248 248
0006_0167_0037_0425_0425.jpg 1 167 37 425 425
0007_0742_0241_0130_0130.jpg 1 742 241 130 130
0008_0205_0084_0428_0428.jpg 1 205 84 428 428
0009_0139_0211_0419_0419.jpg 1 139 211 419 419
0010_0332_0061_0126_0126.jpg 1 332 61 126 126
0011_0660_0363_0134_0134.jpg 1 660 363 134 134
0012_0130_0159_0357_0357.jpg 1 130 159 357 357
0013_0708_0399_0154_0154.jpg 1 708 399 154 154
0014_0591_0288_0282_0282.jpg 1 591 288 282 282
0015_0382_0379_0172_0172.jpg 1 382 379 172 172
0016_0558_0327_0104_0104.jpg 1 558 327 104 104
0017_0259_0195_0293_0293.jpg 1 259 195 293 293
0018_0919_0421_0203_0203.jpg 1 919 421 203 203
0019_0886_0426_0186_0186.jpg 1 886 426 186 186
0020_0339_0498_0127_0127.jpg 1 339 498 127 127
0021_0711_0046_0322_0322.jpg 1 711 46 322 322
0022_0257_0120_0474_0474.jpg 1 257 120 474 474
0023_0810_0543_0101_0101.jpg 1 810 543 101 101
0024_0171_0158_0370_0370.jpg 1 171 158 370 370
0025_0212_0257_0245_0245.jpg 1 212 257 245 245
0026_0241_0217_0295_0295.jpg 1 241 217 295 295
0027_0188_0345_0222_0222.jpg 1 188 345 222 222
0028_0372_0154_0206_0206.jpg 1 372 154 206 206
0029_0858_0230_0244_0244.jpg 1 858 230 244 244
0030_0504_0122_0228_0228.jpg 1 504 122 228 228
0031_0648_0279_0222_0222.jpg 1 648 279 222 222
0032_0869_0361_0143_0143.jpg 1 869 361 143 143
0033_0651_0123_0162_0162.jpg 1 651 123 162 162
0034_0957_0280_0211_0211.jpg 1 957 280 211 211
0035_0679_0121_0498_0498.jpg 1 679 121 498 498
0036_0460_0130_0343_0343.jpg 1 460 130 343 343
0037_0771_0238_0255_0255.jpg 1 771 238 255 255
0038_0298_0066_0483_0483.jpg 1 298 66 483 483
0039_0283_0109_0243_0243.jpg 1 283 109 243 243
0040_0213_0088_0135_0135.jpg 1 213 88 135 135
0041_0474_0226_0255_0255.jpg 1 474 226 255 255
0042_0260_0153_0166_0166.jpg 1 260 153 166 166
0043_0693_0219_0213_0213.jpg 1 693 219 213 213
0044_0117_0132_0123_0123.jpg 1 117 132 123 123
0045_0605_0248_0210_0210.jpg 1 605 248 210 210
0046_0310_0078_0327_0327.jpg 1 310 78 327 327
0047_0570_0141_0130_0130.jpg 1 570 141 130 130
0048_0961_0559_0085_0085.jpg 1 961 559 85 85
0049_0352_0218_0286_0286.jpg 1 352 218 286 286
0050_0462_0344_0245_0245.jpg 1 462 344 245 245
0051_0160_0291_0384_0384.jpg 1 160 291 384 384
0052_0243_0413_0194_0194.jpg 1 243 413 194 194
0053_0660_0044_0397_0397.jpg 1 660 44 397 397
0054_0724_0562_0064_0064.jpg 1 724 562 64 64
0055_0644_0412_0181_0181.jpg 1 644 412 181 181
0056_0624_0183_0372_0372.jpg 1 624 183 372 372
0057_0748_0347_0164_0164.jpg 1 748 347 164 164
0058_0353_0456_0189_0189.jpg 1 353 456 189 189
0059_0253_0292_0318_0318.jpg 1 253 292 318 318
0060_0742_0134_0203_0203.jpg 1 742 134 203 203
0061_0619_0153_0338_0338.jpg 1 619 153 338 338
0062_0110_0030_0481_0481.jpg 1 110 30 481 481
0063_0516_0165_0421_0421.jpg 1 516 165 421 421
0064_0452_0104_0360_0360.jpg 1 452 104 360 360
0065_0373_0031_0466_0466.jpg 1 373 31 466 466
0066_0584_0051_0274_0274.jpg 1 584 51 274 274
0067_0442_0146_0503_0503.jpg 1 442 146 503 503
0068_1007_0121_0120_0120.jpg 1 1007 121 120 120
0069_0519_0151_0353_0353.jpg 1 519 151 353 353
0070_0143_0260_0149_0149.jpg 1 143 260 149 149
0071_0579_0445_0122_0122.jpg 1 579 445 122 122
0072_0824_0068_0064_0064.jpg 1 824 68 64 64
0073_0669_0479_0059_0059.jpg 1 669 479 59 59
0074_0155_0469_0120_0120.jpg 1 155 469 120 120
0075_0876_0131_0086_0086.jpg 1 876 131 86 86
0076_0273_0206_0315_0315.jpg 1 273 206 315 315
0077_0843_0541_0054_0054.jpg 1 843 541 54 54
0078_0849_0061_0248_0248.jpg 1 849 61 248 248
0079_0459_0080_0318_0318.jpg 1 459 80 318 318
0080_0596_0304_0206_0206.jpg 1 596 304 206 206
0081_0414_0154_0222_0222.jpg 1 414 154 222 222
0082_0114_0105_0294_0294.jpg 1 114 105 294 294
0083_0406_0273_0171_0171.jpg 1 406 273 171 171
0084_0644_0195_0326_0326.jpg 1 644 195 326 326
0085_0165_0197_0345_0345.jpg 1 165 197 345 345
0086_0812_0461_0098_0098.jpg 1 812 461 98 98
0087_0152_0171_0368_0368.jpg 1 152 171 368 368
0088_0283_0131_0401_0401.jpg 1 283 131 401 401
0089_0533_0204_0222_0222.jpg 1 533 204 222 222
0090_0436_0240_0391_0391.jpg 1 436 240 391 391
0091_0282_0319_0225_0225.jpg 1 282 319 225 225
0092_0565_0182_0502_0502.jpg 1 565 182 502 502
0093_0843_0241_0287_0287.jpg 1 843 241 287 287
0094_0107_0174_0352_0352.jpg 1 107 174 352 352
0095_0345_0026_0503_0503.jpg 1 345 26 503 503
0096_0656_0385_0164_0164.jpg 1 656 385 164 164
0097_0702_0417_0140_0140.jpg 1 702 417 140 140
0098_0218_0563_0060_0060.jpg 1 218 563 60 60
0099_0290_0250_0358_0358.jpg 1 290 250 358 358
0100_0581_0399_0103_0103.jpg 1 581 399 103 103
0101_0818_0213_0254_0254.jpg 1 818 213 254 254
0102_0461_0400_0206_0206.jpg 1 461 400 206 206
0103_0394_0165_0480_0480.jpg 1 394 165 480 480
0104_0278_0345_0226_0226.jpg 1 278 345 226 226
0105_0415_0295_0167_0167.jpg 1 415 295 167 167
0106_0637_0080_0323_0323.jpg 1 637 80 323 323
0107_0164_0288_0166_0166.jpg 1 164 288 166 166
0108_0903_0302_0237_0237.jpg 1 903 302 237 237
0109_0512_0133_0199_0199.jpg 1 512 133 199 199
0110_0710_0141_0302_0302.jpg 1 710 141 302 302
0111_0237_0456_0120_0120.jpg 1 237 456 120 120
0112_0829_0132_0312_0312.jpg 1 829 132 312 312
0113_0595_0077_0115_0115.jpg 1 595 77 115 115
0114_0548_0169_0482_0482.jpg 1 548 169 482 482
0115_0827_0448_0093_0093.jpg 1 827 448 93 93
0116_0716_0316_0315_0315.jpg 1 716 316 315 315
0117_0096_0265_0360_0360.jpg 1 96 265 360 360
0118_0182_0352_0209_0209.jpg 1 182 352 209 209
0119_0591_0063_0487_0487.jpg 1 591 63 487 487
0120_0601_0280_0330_0330.jpg 1 601 280 330 330
0121_0695_0270_0347_0347.jpg 1 695 270 347 347
0122_0695_0038_0449_0449.jpg 1 695 38 449 449
0123_0580_0236_0220_0220.jpg 1 580 236 220 220
0124_0500_0202_0479_0479.jpg 1 500 202 479 479
0125_0141_0171_0233_0233.jpg 1 141 171 233 233
0126_0514_0167_0472_0472.jpg 1 514 167 472 472
0127_0757_0402_0262_0262.jpg 1 757 402 262 262
0128_0483_0373_0226_0226.jpg 1 483 373 226 226
