0001_0287_0179_0450_0450.jpg 1 287 179 450 450
0002_0501_0192_0367_0367.jpg 1 501 192 367 367
0003_0412_0069_0175_0175.jpg 1 412 69 175 175
0004_0748_0204_0431_0431.jpg 1 748 204 431 431
0005_0530_0343_0293_0293.jpg 1 530 343 293 293
0006_0837_0178_0342_0342.jpg 1 837 178 342 342
0007_0744_0232_0152_0152.jpg 1 744 232 152 152
0008_0705_0336_0304_0304.jpg 1 705 336 304 304
0009_0399_0273_0339_0339.jpg 1 399 273 339 339
0010_0190_0157_0248_0248.jpg 1 190 157 248 248
0011_0864_0133_0169_0169.jpg 1 864 133 169 169
0012_0464_0485_0143_0143.jpg 1 464 485 143 143
0013_0528_0130_0073_0073.jpg 1 528 130 73 73
0014_0242_0193_0458_0458.jpg 1 242 193 458 458
0015_0413_0152_0126_0126.jpg 1 413 152 126 126
0016_0776_0088_0218_0218.jpg 1 776 88 218 218
0017_0436_0185_0485_0485.jpg 1 436 185 485 485
0018_0193_0147_0442_0442.jpg 1 193 147 442 442
0019_0711_0213_0269_0269.jpg 1 711 213 269 269
0020_0237_0104_0474_0474.jpg 1 237 104 474 474
0021_0436_0381_0118_0118.jpg 1 436 381 118 118
0022_0601_0293_0349_0349.jpg 1 601 293 349 349
0023_0556_0133_0346_0346.jpg 1 556 133 346 346
0024_0547_0123_0455_0455.jpg 1 547 123 455 455
0025_0670_0121_0471_0471.jpg 1 670 121 471 471
0026_0418_0294_0392_0392.jpg 1 418 294 392 392
0027_0195_0184_0090_0090.jpg 1 195 184 90 90
0028_0901_0051_0239_0239.jpg 1 901 51 239 239
0029_0791_0329_0082_0082.jpg 1 791 329 82 82
0030_0277_0151_0486_0486.jpg 1 277 151 486 486
0031_0366_0219_0410_0410.jpg 1 366 219 410 410
0032_0599_0351_0193_0193.jpg 1 599 351 193 193
0033_0143_0224_0468_0468.jpg 1 143 224 468 468
0034_0334_0307_0337_0337.jpg 1 334 307 337 337
0035_0892_0479_0077_0077.jpg 1 892 479 77 77
0036_0197_0448_0073_0073.jpg 1 197 448 73 73
0037_0515_0175_0470_0470.jpg 1 515 175 470 470
0038_0146_0296_0269_0269.jpg 1 146 296 269 269
0039_0517_0369_0174_0174.jpg 1 517 369 174 174
0040_0377_0403_0210_0210.jpg 1 377 403 210 210
0041_0824_0070_0060_0060.jpg 1 824 70 60 60
0042_0462_0235_0120_0120.jpg 1 462 235 120 120
0043_0368_0120_0314_0314.jpg 1 368 120 314 314
0044_0571_0355_0206_0206.jpg 1 571 355 206 206
0045_0441_0323_0157_0157.jpg 1 441 323 157 157
0046_0920_0298_0144_0144.jpg 1 920 298 144 144
0047_0176_0147_0298_0298.jpg 1 176 147 298 298
0048_0859_0295_0310_0310.jpg 1 859 295 310 310
0049_0490_0153_0353_0353.jpg 1 490 153 353 353
0050_0688_0230_0240_0240.jpg 1 688 230 240 240
0051_0707_0268_0411_0411.jpg 1 707 268 411 411
0052_0596_0201_0172_0172.jpg 1 596 201 172 172
0053_0325_0074_0191_0191.jpg 1 325 74 191 191
0054_0500_0133_0429_0429.jpg 1 500 133 429 429
0055_0806_0424_0142_0142.jpg 1 806 424 142 142
0056_0283_0089_0377_0377.jpg 1 283 89 377 377
0057_0406_0487_0061_0061.jpg 1 406 487 61 61
0058_0440_0141_0337_0337.jpg 1 440 141 337 337
0059_0321_0434_0093_0093.jpg 1 321 434 93 93
0060_0831_0477_0049_0049.jpg 1 831 477 49 49
0061_0164_0205_0054_0054.jpg 1 164 205 54 54
0062_0868_0399_0140_0140.jpg 1 868 399 140 140
0063_0284_0249_0343_0343.jpg 1 284 249 343 343
0064_0794_0185_0375_0375.jpg 1 794 185 375 375
0065_0419_0182_0221_0221.jpg 1 419 182 221 221
0066_0434_0245_0344_0344.jpg 1 434 245 344 344
0067_0868_0328_0204_0204.jpg 1 868 328 204 204
0068_0172_0246_0398_0398.jpg 1 172 246 398 398
0069_0462_0292_0198_0198.jpg 1 462 292 198 198
0070_0844_0070_0103_0103.jpg 1 844 70 103 103
0071_0820_0558_0057_0057.jpg 1 820 558 57 57
0072_0564_0147_0283_0283.jpg 1 564 147 283 283
0073_0807_0151_0296_0296.jpg 1 807 151 296 296
0074_0878_0143_0266_0266.jpg 1 878 143 266 266
0075_0227_0394_0272_0272.jpg 1 227 394 272 272
0076_0390_0254_0391_0391.jpg 1 390 254 391 391
0077_0825_0362_0271_0271.jpg 1 825 362 271 271
0078_0661_0176_0495_0495.jpg 1 661 176 495 495
0079_0207_0130_0406_0406.jpg 1 207 130 406 406
0080_0870_0306_0256_0256.jpg 1 870 306 256 256
0081_0389_0153_0452_0452.jpg 1 389 153 452 452
0082_0188_0330_0135_0135.jpg 1 188 330 135 135
0083_0729_0315_0362_0362.jpg 1 729 315 362 362
0084_0180_0451_0212_0212.jpg 1 180 451 212 212
0085_0571_0239_0406_0406.jpg 1 571 239 406 406
0086_0823_0087_0336_0336.jpg 1 823 87 336 336
0087_0511_0179_0418_0418.jpg 1 511 179 418 418
0088_0912_0392_0061_0061.jpg 1 912 392 61 61
0089_0236_0090_0455_0455.jpg 1 236 90 455 455
0090_0471_0068_0366_0366.jpg 1 471 68 366 366
0091_0148_0205_0455_0455.jpg 1 148 205 455 455
0092_0848_0373_0091_0091.jpg 1 848 373 91 91
0093_0614_0137_0098_0098.jpg 1 614 137 98 98
0094_0491_0212_0198_0198.jpg 1 491 212 198 198
0095_0419_0210_0089_0089.jpg 1 419 210 89 89
0096_0743_0158_0398_0398.jpg 1 743 158 398 398
0097_0273_0096_0384_0384.jpg 1 273 96 384 384
0098_0150_0432_0138_0138.jpg 1 150 432 138 138
0099_0617_0060_0141_0141.jpg 1 617 60 141 141
0100_0644_0264_0157_0157.jpg 1 644 264 157 157
0101_0722_0287_0274_0274.jpg 1 722 287 274 274
0102_0338_0273_0175_0175.jpg 1 338 273 175 175
0103_0823_0432_0075_0075.jpg 1 823 432 75 75
0104_0363_0082_0117_0117.jpg 1 363 82 117 117
0105_0541_0169_0090_0090.jpg 1 541 169 90 90
0106_0111_0300_0246_0246.jpg 1 111 300 246 246
0107_0669_0133_0084_0084.jpg 1 669 133 84 84
0108_0542_0196_0497_0497.jpg 1 542 196 497 497
0109_0720_0207_0462_0462.jpg 1 720 207 462 462
0110_0824_0482_0090_0090.jpg 1 824 482 90 90
0111_0759_0350_0312_0312.jpg 1 759 350 312 312
0112_0314_0086_0369_0369.jpg 1 314 86 369 369
0113_0939_0373_0229_0229.jpg 1 939 373 229 229
0114_0519_0217_0459_0459.jpg 1 519 217 459 459
0115_0641_0423_0237_0237.jpg 1 641 423 237 237
0116_0709_0197_0282_0282.jpg 1 709 197 282 282
0117_0127_0249_0212_0212.jpg 1 127 249 212 212
0118_0482_0215_0220_0220.jpg 1 482 215 220 220
0119_0421_0118_0466_0466.jpg 1 421 118 466 466
0120_0371_0398_0239_0239.jpg 1 371 398 239 239
0121_0680_0135_0306_0306.jpg 1 680 135 306 306
0122_0325_0152_0206_0206.jpg 1 325 152 206 206
0123_0299_0091_0422_0422.jpg 1 299 91 422 422
0124_0661_0139_0348_0348.jpg 1 661 139 348 348
0125_0764_0352_0264_0264.jpg 1 764 352 264 264
0126_1040_0381_0096_0096.jpg 1 1040 381 96 96
0127_0568_0430_0211_0211.jpg 1 568 430 211 211
0128_0428_0319_0298_0298.jpg 1 428 319 298 298
