0001_0455_0190_0175_0175.jpg 1 455 190 175 175
0002_0392_0210_0166_0166.jpg 1 392 210 166 166
0003_0571_0158_0354_0354.jpg 1 571 158 354 354
0004_0698_0109_0197_0197.jpg 1 698 109 197 197
0005_0948_0281_0145_0145.jpg 1 948 281 145 145
0006_0286_0179_0159_0159.jpg 1 286 179 159 159
0007_0558_0113_0381_0381.jpg 1 558 113 381 381
0008_0801_0259_0205_0205.jpg 1 801 259 205 205
0009_0264_0219_0244_0244.jpg 1 264 219 244 244
0010_0186_0106_0172_0172.jpg 1 186 106 172 172
0011_0895_0165_0067_0067.jpg 1 895 165 67 67
0012_0435_0126_0289_0289.jpg 1 435 126 289 289
0013_0317_0191_0127_0127.jpg 1 317 191 127 127
0014_0656_0235_0234_0234.jpg 1 656 235 234 234
0015_0632_0193_0427_0427.jpg 1 632 193 427 427
0016_0327_0382_0128_0128.jpg 1 327 382 128 128
0017_0303_0282_0366_0366.jpg 1 303 282 366 366
0018_0529_0090_0500_0500.jpg 1 529 90 500 500
0019_0095_0074_0434_0434.jpg 1 95 74 434 434
0020_0881_0158_0271_0271.jpg 1 881 158 271 271
0021_0195_0367_0222_0222.jpg 1 195 367 222 222
0022_0224_0226_0260_0260.jpg 1 224 226 260 260
0023_0842_0115_0243_0243.jpg 1 842 115 243 243
0024_0574_0234_0389_0389.jpg 1 574 234 389 389
0025_0340_0209_0257_0257.jpg 1 340 209 257 257
0026_0508_0389_0080_0080.jpg 1 508 389 80 80
0027_0580_0263_0288_0288.jpg 1 580 263 288 288
0028_0588_0448_0108_0108.jpg 1 588 448 108 108
0029_0417_0193_0473_0473.jpg 1 417 193 473 473
0030_0199_0413_0066_0066.jpg 1 199 413 66 66
0031_0857_0404_0069_0069.jpg 1 857 404 69 69
0032_0547_0167_0377_0377.jpg 1 547 167 377 377
0033_0294_0327_0188_0188.jpg 1 294 327 188 188
0034_0148_0084_0460_0460.jpg 1 148 84 460 460
0035_0974_0326_0092_0092.jpg 1 974 326 92 92
0036_0168_0078_0385_0385.jpg 1 168 78 385 385
0037_0232_0104_0444_0444.jpg 1 232 104 444 444
0038_0519_0146_0472_0472.jpg 1 519 146 472 472
0039_0612_0044_0391_0391.jpg 1 612 44 391 391
0040_0694_0289_0358_0358.jpg 1 694 289 358 358
0041_0579_0421_0083_0083.jpg 1 579 421 83 83
0042_0991_0131_0119_0119.jpg 1 991 131 119 119
0043_0467_0151_0188_0188.jpg 1 467 151 188 188
0044_0579_0522_0082_0082.jpg 1 579 522 82 82
0045_0194_0084_0341_0341.jpg 1 194 84 341 341
0046_0542_0132_0500_0500.jpg 1 542 132 500 500
0047_0122_0110_0502_0502.jpg 1 122 110 502 502
0048_0419_0036_0479_0479.jpg 1 419 36 479 479
0049_0398_0257_0231_0231.jpg 1 398 257 231 231
0050_0128_0083_0305_0305.jpg 1 128 83 305 305
0051_0793_0284_0058_0058.jpg 1 793 284 58 58
0052_0752_0452_0202_0202.jpg 1 752 452 202 202
0053_0653_0081_0330_0330.jpg 1 653 81 330 330
0054_0163_0241_0434_0434.jpg 1 163 241 434 434
0055_0811_0472_0130_0130.jpg 1 811 472 130 130
0056_0268_0110_0175_0175.jpg 1 268 110 175 175
0057_0129_0258_0253_0253.jpg 1 129 258 253 253
0058_0362_0050_0280_0280.jpg 1 362 50 280 280
0059_0146_0170_0343_0343.jpg 1 146 170 343 343
0060_0334_0191_0411_0411.jpg 1 334 191 411 411
0061_0476_0129_0263_0263.jpg 1 476 129 263 263
0062_0790_0044_0382_0382.jpg 1 790 44 382 382
0063_0395_0293_0366_0366.jpg 1 395 293 366 366
0064_0776_0251_0217_0217.jpg 1 776 251 217 217
0065_0876_0442_0113_0113.jpg 1 876 442 113 113
0066_0397_0182_0109_0109.jpg 1 397 182 109 109
0067_0486_0472_0079_0079.jpg 1 486 472 79 79
0068_0698_0254_0390_0390.jpg 1 698 254 390 390
0069_0298_0322_0337_0337.jpg 1 298 322 337 337
0070_0543_0284_0208_0208.jpg 1 543 284 208 208
0071_0297_0191_0408_0408.jpg 1 297 191 408 408
0072_0693_0169_0264_0264.jpg 1 693 169 264 264
0073_0439_0253_0359_0359.jpg 1 439 253 359 359
0074_0345_0144_0196_0196.jpg 1 345 144 196 196
0075_0564_0489_0067_0067.jpg 1 564 489 67 67
0076_0597_0046_0358_0358.jpg 1 597 46 358 358
0077_0860_0318_0165_0165.jpg 1 860 318 165 165
0078_0455_0230_0332_0332.jpg 1 455 230 332 332
0079_0540_0104_0402_0402.jpg 1 540 104 402 402
0080_0593_0177_0171_0171.jpg 1 593 177 171 171
0081_0461_0170_0285_0285.jpg 1 461 170 285 285
0082_0192_0316_0049_0049.jpg 1 192 316 49 49
0083_0348_0186_0158_0158.jpg 1 348 186 158 158
0084_0108_0234_0268_0268.jpg 1 108 234 268 268
0085_0124_0080_0461_0461.jpg 1 124 80 461 461
0086_0267_0048_0243_0243.jpg 1 267 48 243 243
0087_0170_0054_0436_0436.jpg 1 170 54 436 436
0088_0351_0143_0367_0367.jpg 1 351 143 367 367
0089_0688_0117_0392_0392.jpg 1 688 117 392 392
0090_0317_0180_0359_0359.jpg 1 317 180 359 359
0091_0889_0420_0206_0206.jpg 1 889 420 206 206
0092_0736_0379_0266_0266.jpg 1 736 379 266 266
0093_0230_0084_0403_0403.jpg 1 230 84 403 403
0094_0776_0245_0404_0404.jpg 1 776 245 404 404
0095_0700_0129_0453_0453.jpg 1 700 129 453 453
0096_0450_0215_0402_0402.jpg 1 450 215 402 402
0097_0346_0178_0219_0219.jpg 1 346 178 219 219
0098_0922_0143_0209_0209.jpg 1 922 143 209 209
0099_0719_0377_0184_0184.jpg 1 719 377 184 184
0100_0173_0099_0334_0334.jpg 1 173 99 334 334
0101_0847_0495_0108_0108.jpg 1 847 495 108 108
0102_0190_0143_0226_0226.jpg 1 190 143 226 226
0103_0952_0250_0190_0190.jpg 1 952 250 190 190
0104_0115_0165_0480_0480.jpg 1 115 165 480 480
0105_0226_0302_0333_0333.jpg 1 226 302 333 333
0106_0113_0098_0461_0461.jpg 1 113 98 461 461
0107_0236_0365_0130_0130.jpg 1 236 365 130 130
0108_0633_0249_0348_0348.jpg 1 633 249 348 348
0109_0252_0140_0481_0481.jpg 1 252 140 481 481
0110_0940_0384_0191_0191.jpg 1 940 384 191 191
0111_0312_0089_0281_0281.jpg 1 312 89 281 281
0112_0527_0218_0457_0457.jpg 1 527 218 457 457
0113_0876_0122_0118_0118.jpg 1 876 122 118 118
0114_0452_0098_0360_0360.jpg 1 452 98 360 360
0115_0660_0044_0378_0378.jpg 1 660 44 378 378
0116_0271_0170_0179_0179.jpg 1 271 170 179 179
0117_0508_0205_0261_0261.jpg 1 508 205 261 261
0118_0775_0391_0186_0186.jpg 1 775 391 186 186
0119_0835_0399_0094_0094.jpg 1 835 399 94 94
0120_0271_0080_0413_0413.jpg 1 271 80 413 413
0121_0227_0375_0273_0273.jpg 1 227 375 273 273
0122_0488_0214_0402_0402.jpg 1 488 214 402 402
0123_0638_0236_0309_0309.jpg 1 638 236 309 309
0124_0328_0051_0288_0288.jpg 1 328 51 288 288
0125_0548_0181_0405_0405.jpg 1 548 181 405 405
0126_0900_0213_0205_0205.jpg 1 900 213 205 205
0127_0741_0273_0244_0244.jpg 1 741 273 244 244
0128_0638_0432_0100_0100.jpg 1 638 432 100 100
