0001_0632_0049_0498_0498.jpg 1 632 49 498 498
0002_0601_0438_0222_0222.jpg 1 601 438 222 222
0003_0767_0123_0180_0180.jpg 1 767 123 180 180
0004_0705_0297_0373_0373.jpg 1 705 297 373 373
0005_0541_0331_0256_0256.jpg 1 541 331 256 256
0006_0359_0028_0435_0435.jpg 1 359 28 435 435
0007_0429_0082_0460_0460.jpg 1 429 82 460 460
0008_0133_0124_0463_0463.jpg 1 133 124 463 463
0009_0800_0117_0349_0349.jpg 1 800 117 349 349
0010_0618_0261_0149_0149.jpg 1 618 261 149 149
0011_0430_0181_0115_0115.jpg 1 430 181 115 115
0012_0554_0132_0312_0312.jpg 1 554 132 312 312
0013_0594_0102_0394_0394.jpg 1 594 102 394 394
0014_0552_0142_0465_0465.jpg 1 552 142 465 465
0015_0172_0089_0270_0270.jpg 1 172 89 270 270
0016_0313_0029_0448_0448.jpg 1 313 29 448 448
0017_0792_0149_0103_0103.jpg 1 792 149 103 103
0018_0157_0201_0099_0099.jpg 1 157 201 99 99
0019_0904_0560_0084_0084.jpg 1 904 560 84 84
0020_0894_0328_0126_0126.jpg 1 894 328 126 126
0021_0449_0241_0197_0197.jpg 1 449 241 197 197
0022_0192_0174_0486_0486.jpg 1 192 174 486 486
0023_0144_0134_0492_0492.jpg 1 144 134 492 492
0024_0480_0421_0140_0140.jpg 1 480 421 140 140
0025_0196_0394_0213_0213.jpg 1 196 394 213 213
0026_0406_0242_0215_0215.jpg 1 406 242 215 215
0027_0549_0189_0503_0503.jpg 1 549 189 503 503
0028_0935_0311_0179_0179.jpg 1 935 311 179 179
0029_0431_0118_0435_0435.jpg 1 431 118 435 435
0030_0442_0133_0391_0391.jpg 1 442 133 391 391
0031_0681_0215_0474_0474.jpg 1 681 215 474 474
0032_0624_0243_0333_0333.jpg 1 624 243 333 333
0033_0697_0205_0269_0269.jpg 1 697 205 269 269
0034_0795_0163_0354_0354.jpg 1 795 163 354 354
0035_0493_0184_0451_0451.jpg 1 493 184 451 451
0036_0421_0305_0087_0087.jpg 1 421 305 87 87
0037_0713_0344_0225_0225.jpg 1 713 344 225 225
0038_0608_0242_0239_0239.jpg 1 608 242 239 239
0039_0488_0333_0201_0201.jpg 1 488 333 201 201
0040_0269_0288_0253_0253.jpg 1 269 288 253 253
0041_0682_0350_0234_0234.jpg 1 682 350 234 234
0042_0103_0124_0444_0444.jpg 1 103 124 444 444
0043_0356_0038_0406_0406.jpg 1 356 38 406 406
0044_0664_0332_0125_0125.jpg 1 664 332 125 125
0045_0438_0028_0457_0457.jpg 1 438 28 457 457
0046_0299_0102_0449_0449.jpg 1 299 102 449 449
0047_1031_0352_0129_0129.jpg 1 1031 352 129 129
0048_0431_0135_0440_0440.jpg 1 431 135 440 440
0049_0275_0153_0294_0294.jpg 1 275 153 294 294
0050_0639_0367_0222_0222.jpg 1 639 367 222 222
0051_0440_0128_0426_0426.jpg 1 440 128 426 426
0052_0940_0063_0186_0186.jpg 1 940 63 186 186
0053_0120_0190_0112_0112.jpg 1 120 190 112 112
0054_0263_0242_0237_0237.jpg 1 263 242 237 237
0055_0727_0103_0237_0237.jpg 1 727 103 237 237
0056_0349_0089_0466_0466.jpg 1 349 89 466 466
0057_0527_0241_0149_0149.jpg 1 527 241 149 149
0058_0215_0385_0189_0189.jpg 1 215 385 189 189
0059_0923_0252_0130_0130.jpg 1 923 252 130 130
0060_0762_0127_0330_0330.jpg 1 762 127 330 330
0061_0525_0045_0302_0302.jpg 1 525 45 302 302
0062_0870_0117_0309_0309.jpg 1 870 117 309 309
0063_1004_0449_0061_0061.jpg 1 1004 449 61 61
0064_0937_0291_0095_0095.jpg 1 937 291 95 95
0065_0239_0251_0275_0275.jpg 1 239 251 275 275
0066_0161_0298_0224_0224.jpg 1 161 298 224 224
0067_0794_0194_0209_0209.jpg 1 794 194 209 209
0068_0308_0253_0363_0363.jpg 1 308 253 363 363
0069_0272_0487_0090_0090.jpg 1 272 487 90 90
0070_0177_0131_0479_0479.jpg 1 177 131 479 479
0071_0858_0268_0310_0310.jpg 1 858 268 310 310
0072_0325_0249_0370_0370.jpg 1 325 249 370 370
0073_0949_0113_0221_0221.jpg 1 949 113 221 221
0074_0429_0075_0489_0489.jpg 1 429 75 489 489
0075_0629_0248_0144_0144.jpg 1 629 248 144 144
0076_0540_0093_0322_0322.jpg 1 540 93 322 322
0077_0199_0286_0179_0179.jpg 1 199 286 179 179
0078_0115_0132_0397_0397.jpg 1 115 132 397 397
0079_0383_0188_0413_0413.jpg 1 383 188 413 413
0080_0273_0129_0292_0292.jpg 1 273 129 292 292
0081_0234_0172_0362_0362.jpg 1 234 172 362 362
0082_0220_0295_0237_0237.jpg 1 220 295 237 237
0083_0230_0175_0463_0463.jpg 1 230 175 463 463
0084_0406_0174_0228_0228.jpg 1 406 174 228 228
0085_0336_0306_0076_0076.jpg 1 336 306 76 76
0086_0664_0400_0154_0154.jpg 1 664 400 154 154
0087_0335_0096_0480_0480.jpg 1 335 96 480 480
0088_0178_0170_0088_0088.jpg 1 178 170 88 88
0089_0232_0396_0066_0066.jpg 1 232 396 66 66
0090_0665_0159_0490_0490.jpg 1 665 159 490 490
0091_0191_0572_0049_0049.jpg 1 191 572 49 49
0092_0123_0060_0437_0437.jpg 1 123 60 437 437
0093_0596_0181_0451_0451.jpg 1 596 181 451 451
0094_0868_0173_0049_0049.jpg 1 868 173 49 49
0095_0267_0137_0503_0503.jpg 1 267 137 503 503
0096_0255_0348_0237_0237.jpg 1 255 348 237 237
0097_0935_0180_0164_0164.jpg 1 935 180 164 164
0098_0458_0242_0202_0202.jpg 1 458 242 202 202
0099_0150_0176_0108_0108.jpg 1 150 176 108 108
0100_0774_0502_0059_0059.jpg 1 774 502 59 59
0101_0691_0456_0143_0143.jpg 1 691 456 143 143
0102_0511_0351_0318_0318.jpg 1 511 351 318 318
0103_0230_0069_0365_0365.jpg 1 230 69 365 365
0104_0590_0115_0499_0499.jpg 1 590 115 499 499
0105_0655_0048_0312_0312.jpg 1 655 48 312 312
0106_0734_0118_0237_0237.jpg 1 734 118 237 237
0107_0590_0204_0178_0178.jpg 1 590 204 178 178
0108_0624_0304_0299_0299.jpg 1 624 304 299 299
0109_1048_0089_0097_0097.jpg 1 1048 89 97 97
0110_0987_0307_0141_0141.jpg 1 987 307 141 141
0111_0436_0148_0462_0462.jpg 1 436 148 462 462
0112_0661_0162_0250_0250.jpg 1 661 162 250 250
0113_0220_0158_0274_0274.jpg 1 220 158 274 274
0114_0315_0421_0084_0084.jpg 1 315 421 84 84
0115_0591_0186_0174_0174.jpg 1 591 186 174 174
0116_0128_0207_0306_0306.jpg 1 128 207 306 306
0117_0551_0213_0254_0254.jpg 1 551 213 254 254
0118_0536_0357_0150_0150.jpg 1 536 357 150 150
0119_0130_0124_0440_0440.jpg 1 130 124 440 440
0120_0713_0375_0207_0207.jpg 1 713 375 207 207
0121_0848_0580_0075_0075.jpg 1 848 580 75 75
0122_0661_0116_0486_0486.jpg 1 661 116 486 486
0123_0544_0314_0273_0273.jpg 1 544 314 273 273
0124_0643_0415_0194_0194.jpg 1 643 415 194 194
0125_0707_0138_0096_0096.jpg 1 707 138 96 96
0126_0264_0361_0217_0217.jpg 1 264 361 217 217
0127_0325_0474_0140_0140.jpg 1 325 474 140 140
0128_0599_0062_0233_0233.jpg 1 599 62 233 233
0001_0773_0310_0361_0361.jpg 1 773 310 361 361
0002_1007_0240_0122_0122.jpg 1 1007 240 122 122
0003_0639_0128_0500_0500.jpg 1 639 128 500 500
0004_0296_0120_0147_0147.jpg 1 296 120 147 147
0005_0584_0230_0078_0078.jpg 1 584 230 78 78
0006_0675_0154_0359_0359.jpg 1 675 154 359 359
0007_0453_0069_0483_0483.jpg 1 453 69 483 483
0008_0296_0075_0327_0327.jpg 1 296 75 327 327
0009_0351_0099_0452_0452.jpg 1 351 99 452 452
0010_0602_0467_0179_0179.jpg 1 602 467 179 179
0011_0576_0177_0251_0251.jpg 1 576 177 251 251
0012_0885_0180_0267_0267.jpg 1 885 180 267 267
0013_0562_0084_0387_0387.jpg 1 562 84 387 387
0014_0567_0310_0076_0076.jpg 1 567 310 76 76
0015_0458_0210_0383_0383.jpg 1 458 210 383 383
0016_0168_0085_0484_0484.jpg 1 168 85 484 484
0017_0439_0036_0390_0390.jpg 1 439 36 390 390
0018_0434_0185_0452_0452.jpg 1 434 185 452 452
0019_0332_0085_0380_0380.jpg 1 332 85 380 380
0020_0620_0108_0458_0458.jpg 1 620 108 458 458
0021_0354_0052_0469_0469.jpg 1 354 52 469 469
0022_0470_0254_0247_0247.jpg 1 470 254 247 247
0023_0141_0079_0475_0475.jpg 1 141 79 475 475
0024_0359_0254_0301_0301.jpg 1 359 254 301 301
0025_0137_0362_0181_0181.jpg 1 137 362 181 181
0026_0620_0346_0312_0312.jpg 1 620 346 312 312
0027_0333_0163_0339_0339.jpg 1 333 163 339 339
0028_0680_0063_0439_0439.jpg 1 680 63 439 439
0029_0306_0212_0481_0481.jpg 1 306 212 481 481
0030_0533_0172_0194_0194.jpg 1 533 172 194 194
0031_0284_0349_0271_0271.jpg 1 284 349 271 271
0032_0664_0175_0354_0354.jpg 1 664 175 354 354
0033_0502_0167_0379_0379.jpg 1 502 167 379 379
0034_0571_0089_0451_0451.jpg 1 571 89 451 451
0035_0292_0412_0208_0208.jpg 1 292 412 208 208
0036_0372_0212_0427_0427.jpg 1 372 212 427 427
0037_0162_0124_0417_0417.jpg 1 162 124 417 417
0038_0321_0190_0430_0430.jpg 1 321 190 430 430
0039_0963_0110_0092_0092.jpg 1 963 110 92 92
0040_0483_0311_0119_0119.jpg 1 483 311 119 119
0041_0293_0127_0426_0426.jpg 1 293 127 426 426
0042_0574_0091_0346_0346.jpg 1 574 91 346 346
0043_0399_0169_0454_0454.jpg 1 399 169 454 454
0044_0465_0197_0220_0220.jpg 1 465 197 220 220
0045_0629_0101_0313_0313.jpg 1 629 101 313 313
0046_0264_0252_0197_0197.jpg 1 264 252 197 197
0047_0416_0081_0151_0151.jpg 1 416 81 151 151
0048_0698_0198_0486_0486.jpg 1 698 198 486 486
0049_0412_0145_0331_0331.jpg 1 412 145 331 331
0050_0111_0357_0213_0213.jpg 1 111 357 213 213
0051_0525_0223_0426_0426.jpg 1 525 223 426 426
0052_0674_0280_0246_0246.jpg 1 674 280 246 246
0053_0573_0082_0429_0429.jpg 1 573 82 429 429
0054_0924_0336_0187_0187.jpg 1 924 336 187 187
0055_0496_0354_0152_0152.jpg 1 496 354 152 152
0056_0389_0269_0157_0157.jpg 1 389 269 157 157
0057_0862_0394_0225_0225.jpg 1 862 394 225 225
0058_0113_0401_0161_0161.jpg 1 113 401 161 161
0059_0569_0228_0123_0123.jpg 1 569 228 123 123
0060_0621_0166_0454_0454.jpg 1 621 166 454 454
0061_0226_0442_0107_0107.jpg 1 226 442 107 107
0062_0150_0125_0499_0499.jpg 1 150 125 499 499
0063_0832_0373_0254_0254.jpg 1 832 373 254 254
0064_0283_0144_0284_0284.jpg 1 283 144 284 284
0065_0594_0353_0312_0312.jpg 1 594 353 312 312
0066_0702_0514_0070_0070.jpg 1 702 514 70 70
0067_0782_0121_0114_0114.jpg 1 782 121 114 114
0068_0292_0035_0386_0386.jpg 1 292 35 386 386
0069_0548_0072_0287_0287.jpg 1 548 72 287 287
0070_0691_0322_0260_0260.jpg 1 691 322 260 260
0071_0164_0426_0075_0075.jpg 1 164 426 75 75
0072_1045_0424_0081_0081.jpg 1 1045 424 81 81
0073_0163_0496_0092_0092.jpg 1 163 496 92 92
0074_0142_0148_0426_0426.jpg 1 142 148 426 426
0075_0314_0072_0438_0438.jpg 1 314 72 438 438
0076_0645_0156_0410_0410.jpg 1 645 156 410 410
0077_0274_0202_0168_0168.jpg 1 274 202 168 168
0078_0663_0263_0282_0282.jpg 1 663 263 282 282
0079_0427_0207_0479_0479.jpg 1 427 207 479 479
0080_0358_0087_0450_0450.jpg 1 358 87 450 450
0081_0159_0221_0439_0439.jpg 1 159 221 439 439
0082_0261_0233_0371_0371.jpg 1 261 233 371 371
0083_0660_0099_0480_0480.jpg 1 660 99 480 480
0084_0286_0354_0291_0291.jpg 1 286 354 291 291
0085_0406_0178_0410_0410.jpg 1 406 178 410 410
0086_0745_0071_0125_0125.jpg 1 745 71 125 125
0087_0723_0170_0396_0396.jpg 1 723 170 396 396
0088_0176_0391_0187_0187.jpg 1 176 391 187 187
0089_0636_0242_0193_0193.jpg 1 636 242 193 193
0090_0137_0215_0126_0126.jpg 1 137 215 126 126
0091_0766_0388_0277_0277.jpg 1 766 388 277 277
0092_0587_0394_0236_0236.jpg 1 587 394 236 236
0093_0408_0123_0412_0412.jpg 1 408 123 412 412
0094_0375_0061_0271_0271.jpg 1 375 61 271 271
0095_0882_0112_0225_0225.jpg 1 882 112 225 225
0096_0285_0043_0324_0324.jpg 1 285 43 324 324
0097_0679_0145_0354_0354.jpg 1 679 145 354 354
0098_0891_0379_0281_0281.jpg 1 891 379 281 281
0099_0233_0099_0372_0372.jpg 1 233 99 372 372
0100_0460_0065_0240_0240.jpg 1 460 65 240 240
0101_0373_0093_0485_0485.jpg 1 373 93 485 485
0102_0260_0319_0058_0058.jpg 1 260 319 58 58
0103_0705_0148_0484_0484.jpg 1 705 148 484 484
0104_0328_0105_0395_0395.jpg 1 328 105 395 395
0105_0147_0092_0380_0380.jpg 1 147 92 380 380
0106_0417_0399_0093_0093.jpg 1 417 399 93 93
0107_0820_0399_0145_0145.jpg 1 820 399 145 145
0108_0726_0434_0235_0235.jpg 1 726 434 235 235
0109_0274_0092_0278_0278.jpg 1 274 92 278 278
0110_0703_0471_0155_0155.jpg 1 703 471 155 155
0111_0948_0360_0149_0149.jpg 1 948 360 149 149
0112_0305_0033_0437_0437.jpg 1 305 33 437 437
0113_0378_0070_0388_0388.jpg 1 378 70 388 388
0114_0244_0322_0252_0252.jpg 1 244 322 252 252
0115_0125_0160_0265_0265.jpg 1 125 160 265 265
0116_0601_0198_0280_0280.jpg 1 601 198 280 280
0117_0657_0072_0174_0174.jpg 1 657 72 174 174
0118_0164_0160_0198_0198.jpg 1 164 160 198 198
0119_0426_0053_0483_0483.jpg 1 426 53 483 483
0120_0308_0213_0340_0340.jpg 1 308 213 340 340
0121_0345_0270_0417_0417.jpg 1 345 270 417 417
0122_0572_0570_0051_0051.jpg 1 572 570 51 51
0123_0547_0169_0439_0439.jpg 1 547 169 439 439
0124_0289_0242_0331_0331.jpg 1 289 242 331 331
0125_0774_0117_0330_0330.jpg 1 774 117 330 330
0126_0600_0235_0320_0320.jpg 1 600 235 320 320
0127_0203_0275_0139_0139.jpg 1 203 275 139 139
0128_0744_0050_0370_0370.jpg 1 744 50 370 370
0001_0141_0285_0370_0370.jpg 1 141 285 370 370
0002_0912_0162_0066_0066.jpg 1 912 162 66 66
0003_0815_0165_0338_0338.jpg 1 815 165 338 338
0004_0680_0058_0480_0480.jpg 1 680 58 480 480
0005_0535_0243_0339_0339.jpg 1 535 243 339 339
0006_0317_0210_0088_0088.jpg 1 317 210 88 88
0007_0455_0112_0343_0343.jpg 1 455 112 343 343
0008_0401_0307_0312_0312.jpg 1 401 307 312 312
0009_0367_0555_0084_0084.jpg 1 367 555 84 84
0010_0607_0197_0465_0465.jpg 1 607 197 465 465
0011_0448_0152_0369_0369.jpg 1 448 152 369 369
0012_1005_0532_0124_0124.jpg 1 1005 532 124 124
0013_0616_0277_0393_0393.jpg 1 616 277 393 393
0014_0768_0285_0188_0188.jpg 1 768 285 188 188
0015_0601_0114_0089_0089.jpg 1 601 114 89 89
0016_0886_0394_0219_0219.jpg 1 886 394 219 219
0017_0219_0204_0398_0398.jpg 1 219 204 398 398
0018_0364_0502_0106_0106.jpg 1 364 502 106 106
0019_0922_0272_0139_0139.jpg 1 922 272 139 139
0020_0875_0254_0073_0073.jpg 1 875 254 73 73
0021_0283_0143_0493_0493.jpg 1 283 143 493 493
0022_0749_0104_0078_0078.jpg 1 749 104 78 78
0023_0315_0068_0425_0425.jpg 1 315 68 425 425
0024_0343_0487_0062_0062.jpg 1 343 487 62 62
0025_0424_0274_0344_0344.jpg 1 424 274 344 344
0026_0109_0397_0241_0241.jpg 1 109 397 241 241
0027_0428_0490_0096_0096.jpg 1 428 490 96 96
0028_0285_0046_0315_0315.jpg 1 285 46 315 315
0029_0564_0093_0389_0389.jpg 1 564 93 389 389
0030_0365_0298_0259_0259.jpg 1 365 298 259 259
0031_0262_0351_0119_0119.jpg 1 262 351 119 119
0032_0710_0323_0284_0284.jpg 1 710 323 284 284
0033_0461_0271_0401_0401.jpg 1 461 271 401 401
0034_0171_0394_0230_0230.jpg 1 171 394 230 230
0035_0404_0182_0125_0125.jpg 1 404 182 125 125
0036_0246_0157_0408_0408.jpg 1 246 157 408 408
0037_0141_0528_0058_0058.jpg 1 141 528 58 58
0038_0385_0275_0255_0255.jpg 1 385 275 255 255
0039_0450_0164_0382_0382.jpg 1 450 164 382 382
0040_0784_0207_0050_0050.jpg 1 784 207 50 50
0041_0289_0240_0394_0394.jpg 1 289 240 394 394
0042_0806_0128_0255_0255.jpg 1 806 128 255 255
0043_0672_0087_0401_0401.jpg 1 672 87 401 401
0044_0548_0184_0474_0474.jpg 1 548 184 474 474
0045_0612_0215_0078_0078.jpg 1 612 215 78 78
0046_0537_0093_0411_0411.jpg 1 537 93 411 411
0047_0280_0337_0333_0333.jpg 1 280 337 333 333
0048_0684_0178_0454_0454.jpg 1 684 178 454 454
0049_0127_0162_0250_0250.jpg 1 127 162 250 250
0050_0732_0058_0373_0373.jpg 1 732 58 373 373
0051_0827_0256_0358_0358.jpg 1 827 256 358 358
0052_0759_0309_0163_0163.jpg 1 759 309 163 163
0053_0494_0352_0190_0190.jpg 1 494 352 190 190
0054_0730_0121_0312_0312.jpg 1 730 121 312 312
0055_0769_0204_0288_0288.jpg 1 769 204 288 288
0056_0277_0273_0081_0081.jpg 1 277 273 81 81
0057_0503_0106_0354_0354.jpg 1 503 106 354 354
0058_0346_0096_0231_0231.jpg 1 346 96 231 231
0059_0699_0232_0113_0113.jpg 1 699 232 113 113
0060_0369_0178_0493_0493.jpg 1 369 178 493 493
0061_0313_0256_0359_0359.jpg 1 313 256 359 359
0062_0256_0195_0358_0358.jpg 1 256 195 358 358
0063_0587_0216_0436_0436.jpg 1 587 216 436 436
0064_0101_0111_0268_0268.jpg 1 101 111 268 268
0065_0601_0089_0381_0381.jpg 1 601 89 381 381
0066_0117_0427_0175_0175.jpg 1 117 427 175 175
0067_0364_0136_0307_0307.jpg 1 364 136 307 307
0068_0626_0498_0058_0058.jpg 1 626 498 58 58
0069_0399_0202_0142_0142.jpg 1 399 202 142 142
0070_0821_0352_0234_0234.jpg 1 821 352 234 234
0071_0270_0153_0266_0266.jpg 1 270 153 266 266
0072_0174_0128_0126_0126.jpg 1 174 128 126 126
0073_0358_0300_0215_0215.jpg 1 358 300 215 215
0074_0320_0526_0081_0081.jpg 1 320 526 81 81
0075_0878_0216_0185_0185.jpg 1 878 216 185 185
0076_0371_0436_0220_0220.jpg 1 371 436 220 220
0077_0562_0059_0329_0329.jpg 1 562 59 329 329
0078_0755_0143_0307_0307.jpg 1 755 143 307 307
0079_0284_0094_0052_0052.jpg 1 284 94 52 52
0080_0978_0521_0064_0064.jpg 1 978 521 64 64
0081_0256_0140_0340_0340.jpg 1 256 140 340 340
0082_0372_0232_0164_0164.jpg 1 372 232 164 164
0083_0607_0035_0468_0468.jpg 1 607 35 468 468
0084_0315_0066_0459_0459.jpg 1 315 66 459 459
0085_0611_0228_0138_0138.jpg 1 611 228 138 138
0086_0206_0098_0485_0485.jpg 1 206 98 485 485
0087_0395_0189_0330_0330.jpg 1 395 189 330 330
0088_0705_0071_0373_0373.jpg 1 705 71 373 373
0089_0787_0328_0106_0106.jpg 1 787 328 106 106
0090_0638_0275_0117_0117.jpg 1 638 275 117 117
0091_0794_0417_0196_0196.jpg 1 794 417 196 196
0092_1071_0329_0067_0067.jpg 1 1071 329 67 67
0093_0648_0196_0479_0479.jpg 1 648 196 479 479
0094_0731_0091_0429_0429.jpg 1 731 91 429 429
0095_0639_0331_0248_0248.jpg 1 639 331 248 248
0096_0552_0417_0152_0152.jpg 1 552 417 152 152
0097_0371_0348_0122_0122.jpg 1 371 348 122 122
0098_0193_0170_0102_0102.jpg 1 193 170 102 102
0099_0505_0201_0475_0475.jpg 1 505 201 475 475
0100_0672_0047_0325_0325.jpg 1 672 47 325 325
0101_0387_0208_0096_0096.jpg 1 387 208 96 96
0102_0996_0390_0147_0147.jpg 1 996 390 147 147
0103_0711_0043_0298_0298.jpg 1 711 43 298 298
0104_0390_0530_0101_0101.jpg 1 390 530 101 101
0105_0493_0188_0390_0390.jpg 1 493 188 390 390
0106_0371_0356_0098_0098.jpg 1 371 356 98 98
0107_0362_0107_0495_0495.jpg 1 362 107 495 495
0108_0667_0425_0070_0070.jpg 1 667 425 70 70
0109_0246_0141_0408_0408.jpg 1 246 141 408 408
0110_0484_0186_0407_0407.jpg 1 484 186 407 407
0111_0411_0044_0477_0477.jpg 1 411 44 477 477
0112_0851_0511_0118_0118.jpg 1 851 511 118 118
0113_0868_0332_0298_0298.jpg 1 868 332 298 298
0114_0126_0216_0459_0459.jpg 1 126 216 459 459
0115_0883_0263_0128_0128.jpg 1 883 263 128 128
0116_0600_0465_0174_0174.jpg 1 600 465 174 174
0117_0714_0176_0114_0114.jpg 1 714 176 114 114
0118_0785_0135_0218_0218.jpg 1 785 135 218 218
0119_0331_0060_0292_0292.jpg 1 331 60 292 292
0120_0322_0276_0353_0353.jpg 1 322 276 353 353
0121_0875_0068_0302_0302.jpg 1 875 68 302 302
0122_0644_0097_0477_0477.jpg 1 644 97 477 477
0123_0779_0299_0233_0233.jpg 1 779 299 233 233
0124_0478_0358_0116_0116.jpg 1 478 358 116 116
0125_0693_0143_0425_0425.jpg 1 693 143 425 425
0126_0708_0328_0266_0266.jpg 1 708 328 266 266
0127_0162_0459_0050_0050.jpg 1 162 459 50 50
0128_0631_0200_0207_0207.jpg 1 631 200 207 207
0001_0581_0148_0438_0438.jpg 1 581 148 438 438
0002_0457_0042_0473_0473.jpg 1 457 42 473 473
0003_0706_0163_0078_0078.jpg 1 706 163 78 78
0004_0683_0289_0272_0272.jpg 1 683 289 272 272
0005_0256_0208_0464_0464.jpg 1 256 208 464 464
0006_0780_0107_0355_0355.jpg 1 780 107 355 355
0007_0487_0264_0349_0349.jpg 1 487 264 349 349
0008_0687_0133_0478_0478.jpg 1 687 133 478 478
0009_0659_0044_0455_0455.jpg 1 659 44 455 455
0010_0196_0271_0387_0387.jpg 1 196 271 387 387
0011_0553_0280_0407_0407.jpg 1 553 280 407 407
0012_0287_0150_0490_0490.jpg 1 287 150 490 490
0013_0657_0224_0393_0393.jpg 1 657 224 393 393
0014_0708_0204_0459_0459.jpg 1 708 204 459 459
0015_0611_0264_0328_0328.jpg 1 611 264 328 328
0016_0140_0162_0503_0503.jpg 1 140 162 503 503
0017_0423_0199_0389_0389.jpg 1 423 199 389 389
0018_0352_0063_0450_0450.jpg 1 352 63 450 450
0019_0126_0243_0339_0339.jpg 1 126 243 339 339
0020_0236_0095_0461_0461.jpg 1 236 95 461 461
0021_0616_0191_0230_0230.jpg 1 616 191 230 230
0022_0824_0557_0081_0081.jpg 1 824 557 81 81
0023_0289_0231_0421_0421.jpg 1 289 231 421 421
0024_0718_0290_0101_0101.jpg 1 718 290 101 101
0025_0104_0338_0274_0274.jpg 1 104 338 274 274
0026_0299_0527_0085_0085.jpg 1 299 527 85 85
0027_0620_0525_0094_0094.jpg 1 620 525 94 94
0028_0737_0055_0436_0436.jpg 1 737 55 436 436
0029_0539_0062_0237_0237.jpg 1 539 62 237 237
0030_0681_0292_0157_0157.jpg 1 681 292 157 157
0031_0396_0216_0448_0448.jpg 1 396 216 448 448
0032_0384_0210_0393_0393.jpg 1 384 210 393 393
0033_0718_0223_0412_0412.jpg 1 718 223 412 412
0034_0813_0410_0217_0217.jpg 1 813 410 217 217
0035_0213_0329_0230_0230.jpg 1 213 329 230 230
0036_0313_0098_0378_0378.jpg 1 313 98 378 378
0037_0400_0172_0373_0373.jpg 1 400 172 373 373
0038_1041_0255_0055_0055.jpg 1 1041 255 55 55
0039_0219_0219_0293_0293.jpg 1 219 219 293 293
0040_0207_0160_0379_0379.jpg 1 207 160 379 379
0041_0452_0097_0319_0319.jpg 1 452 97 319 319
0042_0092_0213_0452_0452.jpg 1 92 213 452 452
0043_0691_0204_0248_0248.jpg 1 691 204 248 248
0044_0797_0375_0092_0092.jpg 1 797 375 92 92
0045_0112_0108_0503_0503.jpg 1 112 108 503 503
0046_0416_0042_0402_0402.jpg 1 416 42 402 402
0047_0369_0151_0497_0497.jpg 1 369 151 497 497
0048_0559_0370_0055_0055.jpg 1 559 370 55 55
0049_0162_0069_0245_0245.jpg 1 162 69 245 245
0050_0553_0061_0483_0483.jpg 1 553 61 483 483
0051_0145_0220_0209_0209.jpg 1 145 220 209 209
0052_0582_0188_0454_0454.jpg 1 582 188 454 454
0053_0521_0164_0358_0358.jpg 1 521 164 358 358
0054_0688_0144_0495_0495.jpg 1 688 144 495 495
0055_0702_0324_0289_0289.jpg 1 702 324 289 289
0056_0179_0126_0483_0483.jpg 1 179 126 483 483
0057_0162_0074_0496_0496.jpg 1 162 74 496 496
0058_0125_0070_0262_0262.jpg 1 125 70 262 262
0059_0421_0117_0446_0446.jpg 1 421 117 446 446
0060_0361_0306_0367_0367.jpg 1 361 306 367 367
0061_0164_0322_0055_0055.jpg 1 164 322 55 55
0062_0637_0207_0242_0242.jpg 1 637 207 242 242
0063_0250_0141_0095_0095.jpg 1 250 141 95 95
0064_0576_0207_0482_0482.jpg 1 576 207 482 482
0065_0786_0300_0326_0326.jpg 1 786 300 326 326
0066_0318_0090_0338_0338.jpg 1 318 90 338 338
0067_0266_0348_0319_0319.jpg 1 266 348 319 319
0068_0466_0212_0134_0134.jpg 1 466 212 134 134
0069_0365_0182_0348_0348.jpg 1 365 182 348 348
0070_0596_0091_0494_0494.jpg 1 596 91 494 494
0071_0487_0309_0313_0313.jpg 1 487 309 313 313
0072_0174_0238_0411_0411.jpg 1 174 238 411 411
0073_0498_0028_0467_0467.jpg 1 498 28 467 467
0074_0679_0033_0405_0405.jpg 1 679 33 405 405
0075_0240_0118_0354_0354.jpg 1 240 118 354 354
0076_0181_0207_0427_0427.jpg 1 181 207 427 427
0077_0119_0045_0439_0439.jpg 1 119 45 439 439
0078_0276_0206_0105_0105.jpg 1 276 206 105 105
0079_0625_0054_0393_0393.jpg 1 625 54 393 393
0080_0154_0362_0251_0251.jpg 1 154 362 251 251
0081_0699_0368_0127_0127.jpg 1 699 368 127 127
0082_0563_0091_0284_0284.jpg 1 563 91 284 284
0083_0449_0381_0124_0124.jpg 1 449 381 124 124
0084_0420_0033_0463_0463.jpg 1 420 33 463 463
0085_0781_0441_0121_0121.jpg 1 781 441 121 121
0086_0638_0082_0440_0440.jpg 1 638 82 440 440
0087_0725_0243_0235_0235.jpg 1 725 243 235 235
0088_0719_0384_0208_0208.jpg 1 719 384 208 208
0089_0557_0377_0192_0192.jpg 1 557 377 192 192
0090_1026_0358_0102_0102.jpg 1 1026 358 102 102
0091_0194_0038_0497_0497.jpg 1 194 38 497 497
0092_0527_0084_0419_0419.jpg 1 527 84 419 419
0093_0721_0347_0168_0168.jpg 1 721 347 168 168
0094_0463_0053_0227_0227.jpg 1 463 53 227 227
0095_0436_0326_0220_0220.jpg 1 436 326 220 220
0096_0244_0048_0280_0280.jpg 1 244 48 280 280
0097_0402_0032_0444_0444.jpg 1 402 32 444 444
0098_0368_0263_0374_0374.jpg 1 368 263 374 374
0099_0280_0119_0442_0442.jpg 1 280 119 442 442
0100_0231_0314_0268_0268.jpg 1 231 314 268 268
0101_0331_0234_0438_0438.jpg 1 331 234 438 438
0102_0217_0061_0468_0468.jpg 1 217 61 468 468
0103_0332_0159_0417_0417.jpg 1 332 159 417 417
0104_0287_0067_0502_0502.jpg 1 287 67 502 502
0105_0442_0310_0054_0054.jpg 1 442 310 54 54
0106_0287_0351_0189_0189.jpg 1 287 351 189 189
0107_0514_0037_0393_0393.jpg 1 514 37 393 393
0108_0147_0175_0273_0273.jpg 1 147 175 273 273
0109_0295_0091_0153_0153.jpg 1 295 91 153 153
0110_0315_0539_0100_0100.jpg 1 315 539 100 100
0111_0669_0286_0342_0342.jpg 1 669 286 342 342
0112_0279_0189_0453_0453.jpg 1 279 189 453 453
0113_0589_0153_0431_0431.jpg 1 589 153 431 431
0114_0220_0447_0204_0204.jpg 1 220 447 204 204
0115_0481_0284_0334_0334.jpg 1 481 284 334 334
0116_0500_0464_0165_0165.jpg 1 500 464 165 165
0117_0142_0191_0442_0442.jpg 1 142 191 442 442
0118_0378_0323_0205_0205.jpg 1 378 323 205 205
0119_0085_0157_0491_0491.jpg 1 85 157 491 491
0120_0749_0369_0129_0129.jpg 1 749 369 129 129
0121_0677_0184_0265_0265.jpg 1 677 184 265 265
0122_0140_0156_0319_0319.jpg 1 140 156 319 319
0123_0249_0399_0202_0202.jpg 1 249 399 202 202
0124_0547_0382_0163_0163.jpg 1 547 382 163 163
0125_0265_0370_0277_0277.jpg 1 265 370 277 277
0126_0203_0132_0424_0424.jpg 1 203 132 424 424
0127_0600_0197_0481_0481.jpg 1 600 197 481 481
0128_0786_0180_0087_0087.jpg 1 786 180 87 87
0001_0449_0052_0490_0490.jpg 1 449 52 490 490
0002_0518_0254_0171_0171.jpg 1 518 254 171 171
0003_0791_0123_0392_0392.jpg 1 791 123 392 392
0004_0517_0296_0340_0340.jpg 1 517 296 340 340
0005_0217_0241_0194_0194.jpg 1 217 241 194 194
0006_1014_0455_0134_0134.jpg 1 1014 455 134 134
0007_0514_0247_0326_0326.jpg 1 514 247 326 326
0008_0358_0109_0499_0499.jpg 1 358 109 499 499
0009_0877_0249_0089_0089.jpg 1 877 249 89 89
0010_0378_0479_0091_0091.jpg 1 378 479 91 91
0011_0256_0328_0248_0248.jpg 1 256 328 248 248
0012_0505_0140_0401_0401.jpg 1 505 140 401 401
0013_0455_0243_0294_0294.jpg 1 455 243 294 294
0014_0300_0058_0336_0336.jpg 1 300 58 336 336
0015_0695_0155_0368_0368.jpg 1 695 155 368 368
0016_0432_0077_0321_0321.jpg 1 432 77 321 321
0017_0725_0096_0392_0392.jpg 1 725 96 392 392
0018_0411_0135_0415_0415.jpg 1 411 135 415 415
0019_0116_0183_0484_0484.jpg 1 116 183 484 484
0020_0959_0458_0063_0063.jpg 1 959 458 63 63
0021_0641_0236_0307_0307.jpg 1 641 236 307 307
0022_0277_0129_0348_0348.jpg 1 277 129 348 348
0023_0983_0212_0173_0173.jpg 1 983 212 173 173
0024_1007_0213_0119_0119.jpg 1 1007 213 119 119
0025_0348_0109_0334_0334.jpg 1 348 109 334 334
0026_0222_0193_0269_0269.jpg 1 222 193 269 269
0027_0773_0233_0198_0198.jpg 1 773 233 198 198
0028_0503_0050_0356_0356.jpg 1 503 50 356 356
0029_0513_0191_0339_0339.jpg 1 513 191 339 339
0030_0602_0189_0494_0494.jpg 1 602 189 494 494
0031_0530_0181_0277_0277.jpg 1 530 181 277 277
0032_0768_0276_0098_0098.jpg 1 768 276 98 98
0033_0678_0360_0296_0296.jpg 1 678 360 296 296
0034_0598_0064_0491_0491.jpg 1 598 64 491 491
0035_0172_0068_0346_0346.jpg 1 172 68 346 346
0036_0701_0175_0320_0320.jpg 1 701 175 320 320
0037_0280_0102_0387_0387.jpg 1 280 102 387 387
0038_0674_0071_0488_0488.jpg 1 674 71 488 488
0039_0229_0310_0218_0218.jpg 1 229 310 218 218
0040_0665_0081_0438_0438.jpg 1 665 81 438 438
0041_0615_0169_0260_0260.jpg 1 615 169 260 260
0042_0940_0446_0221_0221.jpg 1 940 446 221 221
0043_0276_0099_0491_0491.jpg 1 276 99 491 491
0044_0416_0198_0112_0112.jpg 1 416 198 112 112
0045_0185_0026_0478_0478.jpg 1 185 26 478 478
0046_0230_0217_0455_0455.jpg 1 230 217 455 455
0047_0702_0344_0187_0187.jpg 1 702 344 187 187
0048_0912_0143_0199_0199.jpg 1 912 143 199 199
0049_0359_0059_0430_0430.jpg 1 359 59 430 430
0050_0992_0376_0124_0124.jpg 1 992 376 124 124
0051_0700_0251_0326_0326.jpg 1 700 251 326 326
0052_0710_0184_0210_0210.jpg 1 710 184 210 210
0053_0445_0058_0423_0423.jpg 1 445 58 423 423
0054_0903_0267_0160_0160.jpg 1 903 267 160 160
0055_0645_0293_0362_0362.jpg 1 645 293 362 362
0056_0600_0060_0485_0485.jpg 1 600 60 485 485
0057_0770_0384_0099_0099.jpg 1 770 384 99 99
0058_0246_0434_0211_0211.jpg 1 246 434 211 211
0059_0343_0144_0419_0419.jpg 1 343 144 419 419
0060_0622_0174_0220_0220.jpg 1 622 174 220 220
0061_0172_0395_0061_0061.jpg 1 172 395 61 61
0062_0613_0166_0472_0472.jpg 1 613 166 472 472
0063_0742_0275_0166_0166.jpg 1 742 275 166 166
0064_0627_0327_0252_0252.jpg 1 627 327 252 252
0065_0155_0122_0207_0207.jpg 1 155 122 207 207
0066_0352_0277_0384_0384.jpg 1 352 277 384 384
0067_0641_0222_0148_0148.jpg 1 641 222 148 148
0068_0853_0262_0096_0096.jpg 1 853 262 96 96
0069_0432_0422_0219_0219.jpg 1 432 422 219 219
0070_0768_0194_0357_0357.jpg 1 768 194 357 357
0071_0677_0231_0442_0442.jpg 1 677 231 442 442
0072_0446_0181_0369_0369.jpg 1 446 181 369 369
0073_0748_0423_0062_0062.jpg 1 748 423 62 62
0074_0334_0111_0431_0431.jpg 1 334 111 431 431
0075_0581_0135_0466_0466.jpg 1 581 135 466 466
0076_0460_0178_0489_0489.jpg 1 460 178 489 489
0077_0614_0385_0087_0087.jpg 1 614 385 87 87
0078_0813_0249_0242_0242.jpg 1 813 249 242 242
0079_0421_0286_0210_0210.jpg 1 421 286 210 210
0080_0844_0297_0222_0222.jpg 1 844 297 222 222
0081_0959_0082_0061_0061.jpg 1 959 82 61 61
0082_0332_0040_0374_0374.jpg 1 332 40 374 374
0083_0595_0350_0235_0235.jpg 1 595 350 235 235
0084_0337_0133_0343_0343.jpg 1 337 133 343 343
0085_0948_0199_0199_0199.jpg 1 948 199 199 199
0086_0086_0055_0443_0443.jpg 1 86 55 443 443
0087_0516_0181_0241_0241.jpg 1 516 181 241 241
0088_0889_0432_0178_0178.jpg 1 889 432 178 178
0089_0722_0199_0346_0346.jpg 1 722 199 346 346
0090_0642_0054_0391_0391.jpg 1 642 54 391 391
0091_0336_0178_0394_0394.jpg 1 336 178 394 394
0092_0808_0324_0057_0057.jpg 1 808 324 57 57
0093_0644_0196_0486_0486.jpg 1 644 196 486 486
0094_0810_0208_0173_0173.jpg 1 810 208 173 173
0095_0608_0179_0438_0438.jpg 1 608 179 438 438
0096_0327_0191_0425_0425.jpg 1 327 191 425 425
0097_0408_0179_0397_0397.jpg 1 408 179 397 397
0098_0536_0125_0293_0293.jpg 1 536 125 293 293
0099_0650_0242_0412_0412.jpg 1 650 242 412 412
0100_0152_0361_0294_0294.jpg 1 152 361 294 294
0101_0847_0314_0165_0165.jpg 1 847 314 165 165
0102_0185_0455_0050_0050.jpg 1 185 455 50 50
0103_0587_0072_0378_0378.jpg 1 587 72 378 378
0104_0198_0496_0094_0094.jpg 1 198 496 94 94
0105_0583_0344_0280_0280.jpg 1 583 344 280 280
0106_0784_0232_0308_0308.jpg 1 784 232 308 308
0107_0347_0494_0121_0121.jpg 1 347 494 121 121
0108_0454_0231_0456_0456.jpg 1 454 231 456 456
0109_0628_0233_0068_0068.jpg 1 628 233 68 68
0110_0711_0211_0317_0317.jpg 1 711 211 317 317
0111_0283_0155_0318_0318.jpg 1 283 155 318 318
0112_0611_0273_0335_0335.jpg 1 611 273 335 335
0113_0326_0084_0462_0462.jpg 1 326 84 462 462
0114_0144_0342_0066_0066.jpg 1 144 342 66 66
0115_0241_0391_0237_0237.jpg 1 241 391 237 237
0116_0552_0088_0412_0412.jpg 1 552 88 412 412
0117_0200_0224_0331_0331.jpg 1 200 224 331 331
0118_0276_0107_0330_0330.jpg 1 276 107 330 330
0119_0918_0381_0243_0243.jpg 1 918 381 243 243
0120_0317_0088_0372_0372.jpg 1 317 88 372 372
0121_0554_0336_0116_0116.jpg 1 554 336 116 116
0122_0239_0195_0115_0115.jpg 1 239 195 115 115
0123_0769_0417_0095_0095.jpg 1 769 417 95 95
0124_0650_0104_0476_0476.jpg 1 650 104 476 476
0125_0100_0111_0278_0278.jpg 1 100 111 278 278
0126_0433_0258_0365_0365.jpg 1 433 258 365 365
0127_0691_0173_0219_0219.jpg 1 691 173 219 219
0128_0247_0094_0462_0462.jpg 1 247 94 462 462
0001_0221_0040_0500_0500.jpg 1 221 40 500 500
0002_0875_0431_0116_0116.jpg 1 875 431 116 116
0003_0567_0114_0233_0233.jpg 1 567 114 233 233
0004_0618_0113_0454_0454.jpg 1 618 113 454 454
0005_0730_0363_0245_0245.jpg 1 730 363 245 245
0006_0803_0119_0356_0356.jpg 1 803 119 356 356
0007_0589_0335_0256_0256.jpg 1 589 335 256 256
0008_0741_0287_0382_0382.jpg 1 741 287 382 382
0009_0842_0071_0177_0177.jpg 1 842 71 177 177
0010_0367_0167_0344_0344.jpg 1 367 167 344 344
0011_0616_0045_0286_0286.jpg 1 616 45 286 286
0012_0313_0097_0407_0407.jpg 1 313 97 407 407
0013_0834_0236_0229_0229.jpg 1 834 236 229 229
0014_0624_0270_0145_0145.jpg 1 624 270 145 145
0015_0154_0321_0355_0355.jpg 1 154 321 355 355
0016_0267_0261_0315_0315.jpg 1 267 261 315 315
0017_0663_0275_0403_0403.jpg 1 663 275 403 403
0018_0816_0124_0078_0078.jpg 1 816 124 78 78
0019_0728_0177_0145_0145.jpg 1 728 177 145 145
0020_0406_0280_0370_0370.jpg 1 406 280 370 370
0021_0933_0395_0201_0201.jpg 1 933 395 201 201
0022_0371_0202_0442_0442.jpg 1 371 202 442 442
0023_0522_0243_0315_0315.jpg 1 522 243 315 315
0024_0404_0169_0370_0370.jpg 1 404 169 370 370
0025_0461_0070_0316_0316.jpg 1 461 70 316 316
0026_0630_0167_0491_0491.jpg 1 630 167 491 491
0027_0397_0272_0212_0212.jpg 1 397 272 212 212
0028_0547_0093_0498_0498.jpg 1 547 93 498 498
0029_0791_0108_0273_0273.jpg 1 791 108 273 273
0030_0464_0127_0399_0399.jpg 1 464 127 399 399
0031_0280_0421_0156_0156.jpg 1 280 421 156 156
0032_0910_0377_0207_0207.jpg 1 910 377 207 207
0033_0222_0097_0411_0411.jpg 1 222 97 411 411
0034_0149_0068_0476_0476.jpg 1 149 68 476 476
0035_0139_0410_0070_0070.jpg 1 139 410 70 70
0036_0675_0256_0426_0426.jpg 1 675 256 426 426
0037_0605_0194_0276_0276.jpg 1 605 194 276 276
0038_0568_0269_0225_0225.jpg 1 568 269 225 225
0039_0260_0164_0201_0201.jpg 1 260 164 201 201
0040_0674_0112_0500_0500.jpg 1 674 112 500 500
0041_1036_0229_0070_0070.jpg 1 1036 229 70 70
0042_0622_0309_0353_0353.jpg 1 622 309 353 353
0043_0512_0367_0228_0228.jpg 1 512 367 228 228
0044_0203_0315_0072_0072.jpg 1 203 315 72 72
0045_0792_0403_0191_0191.jpg 1 792 403 191 191
0046_0768_0379_0145_0145.jpg 1 768 379 145 145
0047_0663_0191_0472_0472.jpg 1 663 191 472 472
0048_0152_0186_0323_0323.jpg 1 152 186 323 323
0049_0588_0146_0210_0210.jpg 1 588 146 210 210
0050_0387_0427_0172_0172.jpg 1 387 427 172 172
0051_0137_0095_0405_0405.jpg 1 137 95 405 405
0052_0136_0079_0489_0489.jpg 1 136 79 489 489
0053_0120_0062_0288_0288.jpg 1 120 62 288 288
0054_0578_0291_0184_0184.jpg 1 578 291 184 184
0055_0326_0187_0449_0449.jpg 1 326 187 449 449
0056_0235_0413_0211_0211.jpg 1 235 413 211 211
0057_0784_0401_0231_0231.jpg 1 784 401 231 231
0058_0498_0370_0101_0101.jpg 1 498 370 101 101
0059_0532_0075_0385_0385.jpg 1 532 75 385 385
0060_0919_0105_0108_0108.jpg 1 919 105 108 108
0061_0152_0210_0438_0438.jpg 1 152 210 438 438
0062_0638_0207_0458_0458.jpg 1 638 207 458 458
0063_0284_0402_0192_0192.jpg 1 284 402 192 192
0064_0964_0370_0094_0094.jpg 1 964 370 94 94
0065_0573_0202_0479_0479.jpg 1 573 202 479 479
0066_0134_0167_0339_0339.jpg 1 134 167 339 339
0067_0268_0062_0461_0461.jpg 1 268 62 461 461
0068_0607_0067_0387_0387.jpg 1 607 67 387 387
0069_0579_0437_0231_0231.jpg 1 579 437 231 231
0070_0402_0070_0343_0343.jpg 1 402 70 343 343
0071_0385_0032_0486_0486.jpg 1 385 32 486 486
0072_0516_0164_0199_0199.jpg 1 516 164 199 199
0073_0718_0328_0273_0273.jpg 1 718 328 273 273
0074_0173_0326_0165_0165.jpg 1 173 326 165 165
0075_0580_0155_0344_0344.jpg 1 580 155 344 344
0076_0347_0161_0196_0196.jpg 1 347 161 196 196
0077_0470_0071_0462_0462.jpg 1 470 71 462 462
0078_0693_0255_0389_0389.jpg 1 693 255 389 389
0079_0505_0406_0113_0113.jpg 1 505 406 113 113
0080_0426_0143_0246_0246.jpg 1 426 143 246 246
0081_0366_0208_0266_0266.jpg 1 366 208 266 266
0082_0540_0220_0142_0142.jpg 1 540 220 142 142
0083_0424_0142_0209_0209.jpg 1 424 142 209 209
0084_0344_0112_0139_0139.jpg 1 344 112 139 139
0085_0304_0111_0502_0502.jpg 1 304 111 502 502
0086_0370_0109_0103_0103.jpg 1 370 109 103 103
0087_0834_0326_0324_0324.jpg 1 834 326 324 324
0088_0671_0110_0149_0149.jpg 1 671 110 149 149
0089_0863_0178_0175_0175.jpg 1 863 178 175 175
0090_0804_0216_0305_0305.jpg 1 804 216 305 305
0091_1031_0492_0077_0077.jpg 1 1031 492 77 77
0092_0283_0144_0479_0479.jpg 1 283 144 479 479
0093_0887_0152_0236_0236.jpg 1 887 152 236 236
0094_0501_0237_0266_0266.jpg 1 501 237 266 266
0095_0373_0237_0212_0212.jpg 1 373 237 212 212
0096_0684_0078_0214_0214.jpg 1 684 78 214 214
0097_0730_0182_0425_0425.jpg 1 730 182 425 425
0098_0789_0198_0228_0228.jpg 1 789 198 228 228
0099_0678_0432_0092_0092.jpg 1 678 432 92 92
0100_0497_0078_0270_0270.jpg 1 497 78 270 270
0101_0207_0062_0406_0406.jpg 1 207 62 406 406
0102_0717_0064_0364_0364.jpg 1 717 64 364 364
0103_0460_0182_0340_0340.jpg 1 460 182 340 340
0104_0765_0433_0219_0219.jpg 1 765 433 219 219
0105_0289_0033_0484_0484.jpg 1 289 33 484 484
0106_0366_0179_0291_0291.jpg 1 366 179 291 291
0107_0393_0286_0380_0380.jpg 1 393 286 380 380
0108_0739_0283_0229_0229.jpg 1 739 283 229 229
0109_0358_0249_0399_0399.jpg 1 358 249 399 399
0110_0164_0057_0316_0316.jpg 1 164 57 316 316
0111_0227_0131_0466_0466.jpg 1 227 131 466 466
0112_0309_0265_0231_0231.jpg 1 309 265 231 231
0113_0771_0047_0423_0423.jpg 1 771 47 423 423
0114_0612_0281_0404_0404.jpg 1 612 281 404 404
0115_0372_0185_0221_0221.jpg 1 372 185 221 221
0116_0784_0106_0153_0153.jpg 1 784 106 153 153
0117_0323_0266_0380_0380.jpg 1 323 266 380 380
0118_0640_0215_0476_0476.jpg 1 640 215 476 476
0119_0237_0247_0444_0444.jpg 1 237 247 444 444
0120_0669_0375_0099_0099.jpg 1 669 375 99 99
0121_1061_0498_0054_0054.jpg 1 1061 498 54 54
0122_0377_0362_0269_0269.jpg 1 377 362 269 269
0123_0484_0271_0331_0331.jpg 1 484 271 331 331
0124_0373_0136_0234_0234.jpg 1 373 136 234 234
0125_0960_0274_0115_0115.jpg 1 960 274 115 115
0126_0711_0539_0111_0111.jpg 1 711 539 111 111
0127_0673_0235_0390_0390.jpg 1 673 235 390 390
0128_0163_0062_0332_0332.jpg 1 163 62 332 332
0001_0288_0295_0360_0360.jpg 1 288 295 360 360
0002_0526_0056_0467_0467.jpg 1 526 56 467 467
0003_0297_0110_0084_0084.jpg 1 297 110 84 84
0004_0211_0078_0203_0203.jpg 1 211 78 203 203
0005_0598_0166_0248_0248.jpg 1 598 166 248 248
0006_0167_0037_0425_0425.jpg 1 167 37 425 425
0007_0742_0241_0130_0130.jpg 1 742 241 130 130
0008_0205_0084_0428_0428.jpg 1 205 84 428 428
0009_0139_0211_0419_0419.jpg 1 139 211 419 419
0010_0332_0061_0126_0126.jpg 1 332 61 126 126
0011_0660_0363_0134_0134.jpg 1 660 363 134 134
0012_0130_0159_0357_0357.jpg 1 130 159 357 357
0013_0708_0399_0154_0154.jpg 1 708 399 154 154
0014_0591_0288_0282_0282.jpg 1 591 288 282 282
0015_0382_0379_0172_0172.jpg 1 382 379 172 172
0016_0558_0327_0104_0104.jpg 1 558 327 104 104
0017_0259_0195_0293_0293.jpg 1 259 195 293 293
0018_0919_0421_0203_0203.jpg 1 919 421 203 203
0019_0886_0426_0186_0186.jpg 1 886 426 186 186
0020_0339_0498_0127_0127.jpg 1 339 498 127 127
0021_0711_0046_0322_0322.jpg 1 711 46 322 322
0022_0257_0120_0474_0474.jpg 1 257 120 474 474
0023_0810_0543_0101_0101.jpg 1 810 543 101 101
0024_0171_0158_0370_0370.jpg 1 171 158 370 370
0025_0212_0257_0245_0245.jpg 1 212 257 245 245
0026_0241_0217_0295_0295.jpg 1 241 217 295 295
0027_0188_0345_0222_0222.jpg 1 188 345 222 222
0028_0372_0154_0206_0206.jpg 1 372 154 206 206
0029_0858_0230_0244_0244.jpg 1 858 230 244 244
0030_0504_0122_0228_0228.jpg 1 504 122 228 228
0031_0648_0279_0222_0222.jpg 1 648 279 222 222
0032_0869_0361_0143_0143.jpg 1 869 361 143 143
0033_0651_0123_0162_0162.jpg 1 651 123 162 162
0034_0957_0280_0211_0211.jpg 1 957 280 211 211
0035_0679_0121_0498_0498.jpg 1 679 121 498 498
0036_0460_0130_0343_0343.jpg 1 460 130 343 343
0037_0771_0238_0255_0255.jpg 1 771 238 255 255
0038_0298_0066_0483_0483.jpg 1 298 66 483 483
0039_0283_0109_0243_0243.jpg 1 283 109 243 243
0040_0213_0088_0135_0135.jpg 1 213 88 135 135
0041_0474_0226_0255_0255.jpg 1 474 226 255 255
0042_0260_0153_0166_0166.jpg 1 260 153 166 166
0043_0693_0219_0213_0213.jpg 1 693 219 213 213
0044_0117_0132_0123_0123.jpg 1 117 132 123 123
0045_0605_0248_0210_0210.jpg 1 605 248 210 210
0046_0310_0078_0327_0327.jpg 1 310 78 327 327
0047_0570_0141_0130_0130.jpg 1 570 141 130 130
0048_0961_0559_0085_0085.jpg 1 961 559 85 85
0049_0352_0218_0286_0286.jpg 1 352 218 286 286
0050_0462_0344_0245_0245.jpg 1 462 344 245 245
0051_0160_0291_0384_0384.jpg 1 160 291 384 384
0052_0243_0413_0194_0194.jpg 1 243 413 194 194
0053_0660_0044_0397_0397.jpg 1 660 44 397 397
0054_0724_0562_0064_0064.jpg 1 724 562 64 64
0055_0644_0412_0181_0181.jpg 1 644 412 181 181
0056_0624_0183_0372_0372.jpg 1 624 183 372 372
0057_0748_0347_0164_0164.jpg 1 748 347 164 164
0058_0353_0456_0189_0189.jpg 1 353 456 189 189
0059_0253_0292_0318_0318.jpg 1 253 292 318 318
0060_0742_0134_0203_0203.jpg 1 742 134 203 203
0061_0619_0153_0338_0338.jpg 1 619 153 338 338
0062_0110_0030_0481_0481.jpg 1 110 30 481 481
0063_0516_0165_0421_0421.jpg 1 516 165 421 421
0064_0452_0104_0360_0360.jpg 1 452 104 360 360
0065_0373_0031_0466_0466.jpg 1 373 31 466 466
0066_0584_0051_0274_0274.jpg 1 584 51 274 274
0067_0442_0146_0503_0503.jpg 1 442 146 503 503
0068_1007_0121_0120_0120.jpg 1 1007 121 120 120
0069_0519_0151_0353_0353.jpg 1 519 151 353 353
0070_0143_0260_0149_0149.jpg 1 143 260 149 149
0071_0579_0445_0122_0122.jpg 1 579 445 122 122
0072_0824_0068_0064_0064.jpg 1 824 68 64 64
0073_0669_0479_0059_0059.jpg 1 669 479 59 59
0074_0155_0469_0120_0120.jpg 1 155 469 120 120
0075_0876_0131_0086_0086.jpg 1 876 131 86 86
0076_0273_0206_0315_0315.jpg 1 273 206 315 315
0077_0843_0541_0054_0054.jpg 1 843 541 54 54
0078_0849_0061_0248_0248.jpg 1 849 61 248 248
0079_0459_0080_0318_0318.jpg 1 459 80 318 318
0080_0596_0304_0206_0206.jpg 1 596 304 206 206
0081_0414_0154_0222_0222.jpg 1 414 154 222 222
0082_0114_0105_0294_0294.jpg 1 114 105 294 294
0083_0406_0273_0171_0171.jpg 1 406 273 171 171
0084_0644_0195_0326_0326.jpg 1 644 195 326 326
0085_0165_0197_0345_0345.jpg 1 165 197 345 345
0086_0812_0461_0098_0098.jpg 1 812 461 98 98
0087_0152_0171_0368_0368.jpg 1 152 171 368 368
0088_0283_0131_0401_0401.jpg 1 283 131 401 401
0089_0533_0204_0222_0222.jpg 1 533 204 222 222
0090_0436_0240_0391_0391.jpg 1 436 240 391 391
0091_0282_0319_0225_0225.jpg 1 282 319 225 225
0092_0565_0182_0502_0502.jpg 1 565 182 502 502
0093_0843_0241_0287_0287.jpg 1 843 241 287 287
0094_0107_0174_0352_0352.jpg 1 107 174 352 352
0095_0345_0026_0503_0503.jpg 1 345 26 503 503
0096_0656_0385_0164_0164.jpg 1 656 385 164 164
0097_0702_0417_0140_0140.jpg 1 702 417 140 140
0098_0218_0563_0060_0060.jpg 1 218 563 60 60
0099_0290_0250_0358_0358.jpg 1 290 250 358 358
0100_0581_0399_0103_0103.jpg 1 581 399 103 103
0101_0818_0213_0254_0254.jpg 1 818 213 254 254
0102_0461_0400_0206_0206.jpg 1 461 400 206 206
0103_0394_0165_0480_0480.jpg 1 394 165 480 480
0104_0278_0345_0226_0226.jpg 1 278 345 226 226
0105_0415_0295_0167_0167.jpg 1 415 295 167 167
0106_0637_0080_0323_0323.jpg 1 637 80 323 323
0107_0164_0288_0166_0166.jpg 1 164 288 166 166
0108_0903_0302_0237_0237.jpg 1 903 302 237 237
0109_0512_0133_0199_0199.jpg 1 512 133 199 199
0110_0710_0141_0302_0302.jpg 1 710 141 302 302
0111_0237_0456_0120_0120.jpg 1 237 456 120 120
0112_0829_0132_0312_0312.jpg 1 829 132 312 312
0113_0595_0077_0115_0115.jpg 1 595 77 115 115
0114_0548_0169_0482_0482.jpg 1 548 169 482 482
0115_0827_0448_0093_0093.jpg 1 827 448 93 93
0116_0716_0316_0315_0315.jpg 1 716 316 315 315
0117_0096_0265_0360_0360.jpg 1 96 265 360 360
0118_0182_0352_0209_0209.jpg 1 182 352 209 209
0119_0591_0063_0487_0487.jpg 1 591 63 487 487
0120_0601_0280_0330_0330.jpg 1 601 280 330 330
0121_0695_0270_0347_0347.jpg 1 695 270 347 347
0122_0695_0038_0449_0449.jpg 1 695 38 449 449
0123_0580_0236_0220_0220.jpg 1 580 236 220 220
0124_0500_0202_0479_0479.jpg 1 500 202 479 479
0125_0141_0171_0233_0233.jpg 1 141 171 233 233
0126_0514_0167_0472_0472.jpg 1 514 167 472 472
0127_0757_0402_0262_0262.jpg 1 757 402 262 262
0128_0483_0373_0226_0226.jpg 1 483 373 226 226
0001_0287_0179_0450_0450.jpg 1 287 179 450 450
0002_0501_0192_0367_0367.jpg 1 501 192 367 367
0003_0412_0069_0175_0175.jpg 1 412 69 175 175
0004_0748_0204_0431_0431.jpg 1 748 204 431 431
0005_0530_0343_0293_0293.jpg 1 530 343 293 293
0006_0837_0178_0342_0342.jpg 1 837 178 342 342
0007_0744_0232_0152_0152.jpg 1 744 232 152 152
0008_0705_0336_0304_0304.jpg 1 705 336 304 304
0009_0399_0273_0339_0339.jpg 1 399 273 339 339
0010_0190_0157_0248_0248.jpg 1 190 157 248 248
0011_0864_0133_0169_0169.jpg 1 864 133 169 169
0012_0464_0485_0143_0143.jpg 1 464 485 143 143
0013_0528_0130_0073_0073.jpg 1 528 130 73 73
0014_0242_0193_0458_0458.jpg 1 242 193 458 458
0015_0413_0152_0126_0126.jpg 1 413 152 126 126
0016_0776_0088_0218_0218.jpg 1 776 88 218 218
0017_0436_0185_0485_0485.jpg 1 436 185 485 485
0018_0193_0147_0442_0442.jpg 1 193 147 442 442
0019_0711_0213_0269_0269.jpg 1 711 213 269 269
0020_0237_0104_0474_0474.jpg 1 237 104 474 474
0021_0436_0381_0118_0118.jpg 1 436 381 118 118
0022_0601_0293_0349_0349.jpg 1 601 293 349 349
0023_0556_0133_0346_0346.jpg 1 556 133 346 346
0024_0547_0123_0455_0455.jpg 1 547 123 455 455
0025_0670_0121_0471_0471.jpg 1 670 121 471 471
0026_0418_0294_0392_0392.jpg 1 418 294 392 392
0027_0195_0184_0090_0090.jpg 1 195 184 90 90
0028_0901_0051_0239_0239.jpg 1 901 51 239 239
0029_0791_0329_0082_0082.jpg 1 791 329 82 82
0030_0277_0151_0486_0486.jpg 1 277 151 486 486
0031_0366_0219_0410_0410.jpg 1 366 219 410 410
0032_0599_0351_0193_0193.jpg 1 599 351 193 193
0033_0143_0224_0468_0468.jpg 1 143 224 468 468
0034_0334_0307_0337_0337.jpg 1 334 307 337 337
0035_0892_0479_0077_0077.jpg 1 892 479 77 77
0036_0197_0448_0073_0073.jpg 1 197 448 73 73
0037_0515_0175_0470_0470.jpg 1 515 175 470 470
0038_0146_0296_0269_0269.jpg 1 146 296 269 269
0039_0517_0369_0174_0174.jpg 1 517 369 174 174
0040_0377_0403_0210_0210.jpg 1 377 403 210 210
0041_0824_0070_0060_0060.jpg 1 824 70 60 60
0042_0462_0235_0120_0120.jpg 1 462 235 120 120
0043_0368_0120_0314_0314.jpg 1 368 120 314 314
0044_0571_0355_0206_0206.jpg 1 571 355 206 206
0045_0441_0323_0157_0157.jpg 1 441 323 157 157
0046_0920_0298_0144_0144.jpg 1 920 298 144 144
0047_0176_0147_0298_0298.jpg 1 176 147 298 298
0048_0859_0295_0310_0310.jpg 1 859 295 310 310
0049_0490_0153_0353_0353.jpg 1 490 153 353 353
0050_0688_0230_0240_0240.jpg 1 688 230 240 240
0051_0707_0268_0411_0411.jpg 1 707 268 411 411
0052_0596_0201_0172_0172.jpg 1 596 201 172 172
0053_0325_0074_0191_0191.jpg 1 325 74 191 191
0054_0500_0133_0429_0429.jpg 1 500 133 429 429
0055_0806_0424_0142_0142.jpg 1 806 424 142 142
0056_0283_0089_0377_0377.jpg 1 283 89 377 377
0057_0406_0487_0061_0061.jpg 1 406 487 61 61
0058_0440_0141_0337_0337.jpg 1 440 141 337 337
0059_0321_0434_0093_0093.jpg 1 321 434 93 93
0060_0831_0477_0049_0049.jpg 1 831 477 49 49
0061_0164_0205_0054_0054.jpg 1 164 205 54 54
0062_0868_0399_0140_0140.jpg 1 868 399 140 140
0063_0284_0249_0343_0343.jpg 1 284 249 343 343
0064_0794_0185_0375_0375.jpg 1 794 185 375 375
0065_0419_0182_0221_0221.jpg 1 419 182 221 221
0066_0434_0245_0344_0344.jpg 1 434 245 344 344
0067_0868_0328_0204_0204.jpg 1 868 328 204 204
0068_0172_0246_0398_0398.jpg 1 172 246 398 398
0069_0462_0292_0198_0198.jpg 1 462 292 198 198
0070_0844_0070_0103_0103.jpg 1 844 70 103 103
0071_0820_0558_0057_0057.jpg 1 820 558 57 57
0072_0564_0147_0283_0283.jpg 1 564 147 283 283
0073_0807_0151_0296_0296.jpg 1 807 151 296 296
0074_0878_0143_0266_0266.jpg 1 878 143 266 266
0075_0227_0394_0272_0272.jpg 1 227 394 272 272
0076_0390_0254_0391_0391.jpg 1 390 254 391 391
0077_0825_0362_0271_0271.jpg 1 825 362 271 271
0078_0661_0176_0495_0495.jpg 1 661 176 495 495
0079_0207_0130_0406_0406.jpg 1 207 130 406 406
0080_0870_0306_0256_0256.jpg 1 870 306 256 256
0081_0389_0153_0452_0452.jpg 1 389 153 452 452
0082_0188_0330_0135_0135.jpg 1 188 330 135 135
0083_0729_0315_0362_0362.jpg 1 729 315 362 362
0084_0180_0451_0212_0212.jpg 1 180 451 212 212
0085_0571_0239_0406_0406.jpg 1 571 239 406 406
0086_0823_0087_0336_0336.jpg 1 823 87 336 336
0087_0511_0179_0418_0418.jpg 1 511 179 418 418
0088_0912_0392_0061_0061.jpg 1 912 392 61 61
0089_0236_0090_0455_0455.jpg 1 236 90 455 455
0090_0471_0068_0366_0366.jpg 1 471 68 366 366
0091_0148_0205_0455_0455.jpg 1 148 205 455 455
0092_0848_0373_0091_0091.jpg 1 848 373 91 91
0093_0614_0137_0098_0098.jpg 1 614 137 98 98
0094_0491_0212_0198_0198.jpg 1 491 212 198 198
0095_0419_0210_0089_0089.jpg 1 419 210 89 89
0096_0743_0158_0398_0398.jpg 1 743 158 398 398
0097_0273_0096_0384_0384.jpg 1 273 96 384 384
0098_0150_0432_0138_0138.jpg 1 150 432 138 138
0099_0617_0060_0141_0141.jpg 1 617 60 141 141
0100_0644_0264_0157_0157.jpg 1 644 264 157 157
0101_0722_0287_0274_0274.jpg 1 722 287 274 274
0102_0338_0273_0175_0175.jpg 1 338 273 175 175
0103_0823_0432_0075_0075.jpg 1 823 432 75 75
0104_0363_0082_0117_0117.jpg 1 363 82 117 117
0105_0541_0169_0090_0090.jpg 1 541 169 90 90
0106_0111_0300_0246_0246.jpg 1 111 300 246 246
0107_0669_0133_0084_0084.jpg 1 669 133 84 84
0108_0542_0196_0497_0497.jpg 1 542 196 497 497
0109_0720_0207_0462_0462.jpg 1 720 207 462 462
0110_0824_0482_0090_0090.jpg 1 824 482 90 90
0111_0759_0350_0312_0312.jpg 1 759 350 312 312
0112_0314_0086_0369_0369.jpg 1 314 86 369 369
0113_0939_0373_0229_0229.jpg 1 939 373 229 229
0114_0519_0217_0459_0459.jpg 1 519 217 459 459
0115_0641_0423_0237_0237.jpg 1 641 423 237 237
0116_0709_0197_0282_0282.jpg 1 709 197 282 282
0117_0127_0249_0212_0212.jpg 1 127 249 212 212
0118_0482_0215_0220_0220.jpg 1 482 215 220 220
0119_0421_0118_0466_0466.jpg 1 421 118 466 466
0120_0371_0398_0239_0239.jpg 1 371 398 239 239
0121_0680_0135_0306_0306.jpg 1 680 135 306 306
0122_0325_0152_0206_0206.jpg 1 325 152 206 206
0123_0299_0091_0422_0422.jpg 1 299 91 422 422
0124_0661_0139_0348_0348.jpg 1 661 139 348 348
0125_0764_0352_0264_0264.jpg 1 764 352 264 264
0126_1040_0381_0096_0096.jpg 1 1040 381 96 96
0127_0568_0430_0211_0211.jpg 1 568 430 211 211
0128_0428_0319_0298_0298.jpg 1 428 319 298 298
0001_0455_0190_0175_0175.jpg 1 455 190 175 175
0002_0392_0210_0166_0166.jpg 1 392 210 166 166
0003_0571_0158_0354_0354.jpg 1 571 158 354 354
0004_0698_0109_0197_0197.jpg 1 698 109 197 197
0005_0948_0281_0145_0145.jpg 1 948 281 145 145
0006_0286_0179_0159_0159.jpg 1 286 179 159 159
0007_0558_0113_0381_0381.jpg 1 558 113 381 381
0008_0801_0259_0205_0205.jpg 1 801 259 205 205
0009_0264_0219_0244_0244.jpg 1 264 219 244 244
0010_0186_0106_0172_0172.jpg 1 186 106 172 172
0011_0895_0165_0067_0067.jpg 1 895 165 67 67
0012_0435_0126_0289_0289.jpg 1 435 126 289 289
0013_0317_0191_0127_0127.jpg 1 317 191 127 127
0014_0656_0235_0234_0234.jpg 1 656 235 234 234
0015_0632_0193_0427_0427.jpg 1 632 193 427 427
0016_0327_0382_0128_0128.jpg 1 327 382 128 128
0017_0303_0282_0366_0366.jpg 1 303 282 366 366
0018_0529_0090_0500_0500.jpg 1 529 90 500 500
0019_0095_0074_0434_0434.jpg 1 95 74 434 434
0020_0881_0158_0271_0271.jpg 1 881 158 271 271
0021_0195_0367_0222_0222.jpg 1 195 367 222 222
0022_0224_0226_0260_0260.jpg 1 224 226 260 260
0023_0842_0115_0243_0243.jpg 1 842 115 243 243
0024_0574_0234_0389_0389.jpg 1 574 234 389 389
0025_0340_0209_0257_0257.jpg 1 340 209 257 257
0026_0508_0389_0080_0080.jpg 1 508 389 80 80
0027_0580_0263_0288_0288.jpg 1 580 263 288 288
0028_0588_0448_0108_0108.jpg 1 588 448 108 108
0029_0417_0193_0473_0473.jpg 1 417 193 473 473
0030_0199_0413_0066_0066.jpg 1 199 413 66 66
0031_0857_0404_0069_0069.jpg 1 857 404 69 69
0032_0547_0167_0377_0377.jpg 1 547 167 377 377
0033_0294_0327_0188_0188.jpg 1 294 327 188 188
0034_0148_0084_0460_0460.jpg 1 148 84 460 460
0035_0974_0326_0092_0092.jpg 1 974 326 92 92
0036_0168_0078_0385_0385.jpg 1 168 78 385 385
0037_0232_0104_0444_0444.jpg 1 232 104 444 444
0038_0519_0146_0472_0472.jpg 1 519 146 472 472
0039_0612_0044_0391_0391.jpg 1 612 44 391 391
0040_0694_0289_0358_0358.jpg 1 694 289 358 358
0041_0579_0421_0083_0083.jpg 1 579 421 83 83
0042_0991_0131_0119_0119.jpg 1 991 131 119 119
0043_0467_0151_0188_0188.jpg 1 467 151 188 188
0044_0579_0522_0082_0082.jpg 1 579 522 82 82
0045_0194_0084_0341_0341.jpg 1 194 84 341 341
0046_0542_0132_0500_0500.jpg 1 542 132 500 500
0047_0122_0110_0502_0502.jpg 1 122 110 502 502
0048_0419_0036_0479_0479.jpg 1 419 36 479 479
0049_0398_0257_0231_0231.jpg 1 398 257 231 231
0050_0128_0083_0305_0305.jpg 1 128 83 305 305
0051_0793_0284_0058_0058.jpg 1 793 284 58 58
0052_0752_0452_0202_0202.jpg 1 752 452 202 202
0053_0653_0081_0330_0330.jpg 1 653 81 330 330
0054_0163_0241_0434_0434.jpg 1 163 241 434 434
0055_0811_0472_0130_0130.jpg 1 811 472 130 130
0056_0268_0110_0175_0175.jpg 1 268 110 175 175
0057_0129_0258_0253_0253.jpg 1 129 258 253 253
0058_0362_0050_0280_0280.jpg 1 362 50 280 280
0059_0146_0170_0343_0343.jpg 1 146 170 343 343
0060_0334_0191_0411_0411.jpg 1 334 191 411 411
0061_0476_0129_0263_0263.jpg 1 476 129 263 263
0062_0790_0044_0382_0382.jpg 1 790 44 382 382
0063_0395_0293_0366_0366.jpg 1 395 293 366 366
0064_0776_0251_0217_0217.jpg 1 776 251 217 217
0065_0876_0442_0113_0113.jpg 1 876 442 113 113
0066_0397_0182_0109_0109.jpg 1 397 182 109 109
0067_0486_0472_0079_0079.jpg 1 486 472 79 79
0068_0698_0254_0390_0390.jpg 1 698 254 390 390
0069_0298_0322_0337_0337.jpg 1 298 322 337 337
0070_0543_0284_0208_0208.jpg 1 543 284 208 208
0071_0297_0191_0408_0408.jpg 1 297 191 408 408
0072_0693_0169_0264_0264.jpg 1 693 169 264 264
0073_0439_0253_0359_0359.jpg 1 439 253 359 359
0074_0345_0144_0196_0196.jpg 1 345 144 196 196
0075_0564_0489_0067_0067.jpg 1 564 489 67 67
0076_0597_0046_0358_0358.jpg 1 597 46 358 358
0077_0860_0318_0165_0165.jpg 1 860 318 165 165
0078_0455_0230_0332_0332.jpg 1 455 230 332 332
0079_0540_0104_0402_0402.jpg 1 540 104 402 402
0080_0593_0177_0171_0171.jpg 1 593 177 171 171
0081_0461_0170_0285_0285.jpg 1 461 170 285 285
0082_0192_0316_0049_0049.jpg 1 192 316 49 49
0083_0348_0186_0158_0158.jpg 1 348 186 158 158
0084_0108_0234_0268_0268.jpg 1 108 234 268 268
0085_0124_0080_0461_0461.jpg 1 124 80 461 461
0086_0267_0048_0243_0243.jpg 1 267 48 243 243
0087_0170_0054_0436_0436.jpg 1 170 54 436 436
0088_0351_0143_0367_0367.jpg 1 351 143 367 367
0089_0688_0117_0392_0392.jpg 1 688 117 392 392
0090_0317_0180_0359_0359.jpg 1 317 180 359 359
0091_0889_0420_0206_0206.jpg 1 889 420 206 206
0092_0736_0379_0266_0266.jpg 1 736 379 266 266
0093_0230_0084_0403_0403.jpg 1 230 84 403 403
0094_0776_0245_0404_0404.jpg 1 776 245 404 404
0095_0700_0129_0453_0453.jpg 1 700 129 453 453
0096_0450_0215_0402_0402.jpg 1 450 215 402 402
0097_0346_0178_0219_0219.jpg 1 346 178 219 219
0098_0922_0143_0209_0209.jpg 1 922 143 209 209
0099_0719_0377_0184_0184.jpg 1 719 377 184 184
0100_0173_0099_0334_0334.jpg 1 173 99 334 334
0101_0847_0495_0108_0108.jpg 1 847 495 108 108
0102_0190_0143_0226_0226.jpg 1 190 143 226 226
0103_0952_0250_0190_0190.jpg 1 952 250 190 190
0104_0115_0165_0480_0480.jpg 1 115 165 480 480
0105_0226_0302_0333_0333.jpg 1 226 302 333 333
0106_0113_0098_0461_0461.jpg 1 113 98 461 461
0107_0236_0365_0130_0130.jpg 1 236 365 130 130
0108_0633_0249_0348_0348.jpg 1 633 249 348 348
0109_0252_0140_0481_0481.jpg 1 252 140 481 481
0110_0940_0384_0191_0191.jpg 1 940 384 191 191
0111_0312_0089_0281_0281.jpg 1 312 89 281 281
0112_0527_0218_0457_0457.jpg 1 527 218 457 457
0113_0876_0122_0118_0118.jpg 1 876 122 118 118
0114_0452_0098_0360_0360.jpg 1 452 98 360 360
0115_0660_0044_0378_0378.jpg 1 660 44 378 378
0116_0271_0170_0179_0179.jpg 1 271 170 179 179
0117_0508_0205_0261_0261.jpg 1 508 205 261 261
0118_0775_0391_0186_0186.jpg 1 775 391 186 186
0119_0835_0399_0094_0094.jpg 1 835 399 94 94
0120_0271_0080_0413_0413.jpg 1 271 80 413 413
0121_0227_0375_0273_0273.jpg 1 227 375 273 273
0122_0488_0214_0402_0402.jpg 1 488 214 402 402
0123_0638_0236_0309_0309.jpg 1 638 236 309 309
0124_0328_0051_0288_0288.jpg 1 328 51 288 288
0125_0548_0181_0405_0405.jpg 1 548 181 405 405
0126_0900_0213_0205_0205.jpg 1 900 213 205 205
0127_0741_0273_0244_0244.jpg 1 741 273 244 244
0128_0638_0432_0100_0100.jpg 1 638 432 100 100
